1004 1701447317 2,000000 -1,000000 -101,000000 0,000000 0,000000
1004 1701447318 2,000000 -1,000000 -101,000000 0,000000 0,000000
1004 1701447319 2,000000 -1,000000 -101,000000 0,000000 0,000000
1004 1701447320 2,000000 -1,000000 -101,000000 0,000000 0,000000
1004 1701447321 2,000000 -1,000000 -101,000000 0,000000 0,000000
1004 1701447322 1,800000 -1,000000 -101,000000 0,000000 0,000000
1004 1701447323 1,800000 -1,000000 -101,000000 0,000000 0,000000
1004 1701447324 1,800000 -1,000000 -101,000000 0,000000 0,000000
1004 1701447325 1,800000 -1,000000 -101,000000 0,000000 0,000000
1004 1701447326 1,800000 -1,000000 -101,000000 0,000000 0,000000
1004 1701447327 1,600000 -1,000000 -101,000000 0,000000 0,000000
1004 1701447328 1,600000 -1,000000 -101,000000 0,000000 0,000000
1004 1701447329 1,600000 -1,000000 -101,000000 0,000000 0,000000
1004 1701447330 1,600000 -1,000000 -101,000000 0,000000 0,000000
1004 1701447331 1,600000 -1,000000 -101,000000 0,000000 0,000000
1004 1701447332 1,200000 -1,000000 -101,000000 0,000000 0,000000
1004 1701447333 1,200000 -1,000000 -101,000000 0,000000 0,000000
1004 1701447334 1,200000 -1,000000 -101,000000 0,000000 0,000000
1004 1701447335 1,200000 -1,000000 -101,000000 0,000000 0,000000
1004 1701447336 1,200000 -1,000000 -101,000000 0,000000 0,000000
1004 1701447337 1,600000 -1,000000 -101,000000 0,000000 0,000000
1004 1701447338 1,600000 -1,000000 -101,000000 0,000000 0,000000
1004 1701447339 1,600000 -1,000000 -101,000000 0,000000 0,000000
1004 1701447340 1,600000 -1,000000 -101,000000 0,000000 0,000000
1004 1701447341 1,600000 -1,000000 -101,000000 0,000000 0,000000
1004 1701447342 2,000000 -1,000000 -101,000000 0,000000 0,000000
1004 1701447343 2,000000 -1,000000 -101,000000 0,000000 0,000000
1004 1701447344 2,000000 -1,000000 -101,000000 0,000000 0,000000
1004 1701447345 2,000000 -1,000000 -101,000000 0,000000 0,000000
1004 1701447346 2,000000 -1,000000 -101,000000 0,000000 0,000000
1004 1701447347 1,600000 -1,000000 -101,000000 0,000000 0,000000
1004 1701447348 1,600000 -1,000000 -101,000000 0,000000 0,000000
1004 1701447349 1,600000 -1,000000 -101,000000 0,000000 0,000000
1004 1701447350 1,600000 -1,000000 -101,000000 0,000000 0,000000
1004 1701447351 1,600000 -1,000000 -101,000000 0,000000 0,000000
1004 1701447352 1,800000 -1,000000 -101,000000 0,000000 0,000000
1004 1701447353 1,800000 -1,000000 -101,000000 0,000000 0,000000
1004 1701447354 1,800000 -1,000000 -101,000000 0,000000 0,000000
1004 1701447355 1,800000 -1,000000 -101,000000 0,000000 0,000000
1004 1701447356 1,800000 -1,000000 -101,000000 0,000000 0,000000
1004 1701447357 1,200000 -1,000000 -101,000000 0,000000 0,000000
1004 1701447358 1,200000 -1,000000 -101,000000 0,000000 0,000000
1004 1701447359 1,200000 -1,000000 -101,000000 0,000000 0,000000
1004 1701447360 1,200000 -1,000000 -101,000000 0,000000 0,000000
1004 1701447361 1,200000 -1,000000 -101,000000 0,000000 0,000000
1004 1701447362 2,000000 -1,000000 -101,000000 0,000000 0,000000
1004 1701447363 2,000000 -1,000000 -101,000000 0,000000 0,000000
1004 1701447364 2,000000 -1,000000 -101,000000 0,000000 0,000000
1004 1701447365 2,000000 -1,000000 -101,000000 0,000000 0,000000
1004 1701447366 2,000000 -1,000000 -101,000000 0,000000 0,000000
1004 1701447372 1,200000 -1,000000 -101,000000 0,000000 0,000000
1004 1701447373 1,200000 -1,000000 -101,000000 0,000000 0,000000
1004 1701447374 1,200000 -1,000000 -101,000000 0,000000 0,000000
1004 1701447375 1,200000 -1,000000 -101,000000 0,000000 0,000000
1004 1701447376 1,200000 -1,000000 -101,000000 0,000000 0,000000
1004 1701447377 0,600000 -1,000000 -101,000000 0,000000 0,000000
1004 1701447378 0,600000 -1,000000 -101,000000 0,000000 0,000000
1004 1701447379 0,600000 -1,000000 -101,000000 0,000000 0,000000
1004 1701447380 0,600000 -1,000000 -101,000000 0,000000 0,000000
1004 1701447381 0,600000 -1,000000 -101,000000 0,000000 0,000000
1004 1701447387 1,400000 -1,000000 -101,000000 0,000000 0,000000
1004 1701447388 1,400000 -1,000000 -101,000000 0,000000 0,000000
1004 1701447389 1,400000 -1,000000 -101,000000 0,000000 0,000000
1004 1701447390 1,400000 -1,000000 -101,000000 0,000000 0,000000
1004 1701447391 1,400000 -1,000000 -101,000000 0,000000 0,000000
1004 1701447392 1,600000 -1,000000 -101,000000 0,000000 0,000000
1004 1701447393 1,600000 -1,000000 -101,000000 0,000000 0,000000
1004 1701447394 1,600000 -1,000000 -101,000000 0,000000 0,000000
1004 1701447395 1,600000 -1,000000 -101,000000 0,000000 0,000000
1004 1701447396 1,600000 -1,000000 -101,000000 0,000000 0,000000
1004 1701447397 1,800000 -1,000000 -101,000000 0,000000 0,000000
1004 1701447398 1,800000 -1,000000 -101,000000 0,000000 0,000000
1004 1701447399 1,800000 -1,000000 -101,000000 0,000000 0,000000
1004 1701447400 1,800000 -1,000000 -101,000000 0,000000 0,000000
1004 1701447401 1,800000 -1,000000 -101,000000 0,000000 0,000000
1004 1701447402 1,400000 -1,000000 -101,000000 0,000000 0,000000
1004 1701447403 1,400000 -1,000000 -101,000000 0,000000 0,000000
1004 1701447404 1,400000 -1,000000 -101,000000 0,000000 0,000000
1004 1701447405 1,400000 -1,000000 -101,000000 0,000000 0,000000
1004 1701447406 1,400000 -1,000000 -101,000000 0,000000 0,000000
1004 1701447417 1,800000 -1,000000 -101,000000 0,000000 0,000000
1004 1701447418 1,800000 -1,000000 -101,000000 0,000000 0,000000
1004 1701447419 1,800000 -1,000000 -101,000000 0,000000 0,000000
1004 1701447420 1,800000 -1,000000 -101,000000 0,000000 0,000000
1004 1701447421 1,800000 -1,000000 -101,000000 0,000000 0,000000
1004 1701447422 3,000000 -1,000000 -101,000000 0,000000 0,000000
1004 1701447423 3,000000 -1,000000 -101,000000 0,000000 0,000000
1004 1701447424 3,000000 -1,000000 -101,000000 0,000000 0,000000
1004 1701447425 3,000000 -1,000000 -101,000000 0,000000 0,000000
1004 1701447426 3,000000 -1,000000 -101,000000 0,000000 0,000000
1004 1701447427 1,000000 -1,000000 -101,000000 0,000000 0,000000
1004 1701447428 1,000000 -1,000000 -101,000000 0,000000 0,000000
1004 1701447429 1,000000 -1,000000 -101,000000 0,000000 0,000000
1004 1701447430 1,000000 -1,000000 -101,000000 0,000000 0,000000
1004 1701447431 1,000000 -1,000000 -101,000000 0,000000 0,000000
1004 1701447432 1,800000 -1,000000 -101,000000 0,000000 0,000000
1004 1701447433 1,800000 -1,000000 -101,000000 0,000000 0,000000
1004 1701447434 1,800000 -1,000000 -101,000000 0,000000 0,000000
1004 1701447435 1,800000 -1,000000 -101,000000 0,000000 0,000000
1004 1701447436 1,800000 -1,000000 -101,000000 0,000000 0,000000
1004 1701447437 1,400000 -1,000000 -101,000000 0,000000 0,000000
1004 1701447438 1,400000 -1,000000 -101,000000 0,000000 0,000000
1004 1701447439 1,400000 -1,000000 -101,000000 0,000000 0,000000
1004 1701447440 1,400000 -1,000000 -101,000000 0,000000 0,000000
1004 1701447441 1,400000 -1,000000 -101,000000 0,000000 0,000000
1004 1701447452 1,000000 -1,000000 -101,000000 0,000000 0,000000
1004 1701447453 1,000000 -1,000000 -101,000000 0,000000 0,000000
1004 1701447454 1,000000 -1,000000 -101,000000 0,000000 0,000000
1004 1701447455 1,000000 -1,000000 -101,000000 0,000000 0,000000
1004 1701447456 1,000000 -1,000000 -101,000000 0,000000 0,000000
1004 1701447457 1,800000 -1,000000 -101,000000 0,000000 0,000000
1004 1701447458 1,800000 -1,000000 -101,000000 0,000000 0,000000
1004 1701447459 1,800000 -1,000000 -101,000000 0,000000 0,000000
1004 1701447460 1,800000 -1,000000 -101,000000 0,000000 0,000000
1004 1701447461 1,800000 -1,000000 -101,000000 0,000000 0,000000
1004 1701447462 1,600000 -1,000000 -101,000000 0,000000 0,000000
1004 1701447463 1,600000 -1,000000 -101,000000 0,000000 0,000000
1004 1701447464 1,600000 -1,000000 -101,000000 0,000000 0,000000
1004 1701447465 1,600000 -1,000000 -101,000000 0,000000 0,000000
1004 1701447466 1,600000 -1,000000 -101,000000 0,000000 0,000000
1004 1701447472 0,600000 -1,000000 -101,000000 0,000000 0,000000
1004 1701447473 0,600000 -1,000000 -101,000000 0,000000 0,000000
1004 1701447474 0,600000 -1,000000 -101,000000 0,000000 0,000000
1004 1701447475 0,600000 -1,000000 -101,000000 0,000000 0,000000
1004 1701447476 0,600000 -1,000000 -101,000000 0,000000 0,000000
1004 1701447477 2,600000 -1,000000 -101,000000 0,000000 0,000000
1004 1701447478 2,600000 -1,000000 -101,000000 0,000000 0,000000
1004 1701447479 2,600000 -1,000000 -101,000000 0,000000 0,000000
1004 1701447480 2,600000 -1,000000 -101,000000 0,000000 0,000000
1004 1701447481 2,600000 -1,000000 -101,000000 0,000000 0,000000
1004 1701447487 1,400000 -1,000000 -101,000000 0,000000 0,000000
1004 1701447488 1,400000 -1,000000 -101,000000 0,000000 0,000000
1004 1701447489 1,400000 -1,000000 -101,000000 0,000000 0,000000
1004 1701447490 1,400000 -1,000000 -101,000000 0,000000 0,000000
1004 1701447491 1,400000 -1,000000 -101,000000 0,000000 0,000000
1004 1701447492 4,200000 -1,000000 -101,000000 0,000000 0,000000
1004 1701447493 4,200000 -1,000000 -101,000000 0,000000 0,000000
1004 1701447494 4,200000 -1,000000 -101,000000 0,000000 0,000000
1004 1701447495 4,200000 -1,000000 -101,000000 0,000000 0,000000
1004 1701447496 4,200000 -1,000000 -101,000000 0,000000 0,000000
1004 1701447497 0,600000 -1,000000 -101,000000 0,000000 0,000000
1004 1701447498 0,600000 -1,000000 -101,000000 0,000000 0,000000
1004 1701447499 0,600000 -1,000000 -101,000000 0,000000 0,000000
1004 1701447500 0,600000 -1,000000 -101,000000 0,000000 0,000000
1004 1701447501 0,600000 -1,000000 -101,000000 0,000000 0,000000
1004 1701447512 0,800000 -1,000000 -101,000000 0,000000 0,000000
1004 1701447513 0,800000 -1,000000 -101,000000 0,000000 0,000000
1004 1701447514 0,800000 -1,000000 -101,000000 0,000000 0,000000
1004 1701447515 0,800000 -1,000000 -101,000000 0,000000 0,000000
1004 1701447516 0,800000 -1,000000 -101,000000 0,000000 0,000000
1004 1701447517 1,000000 -1,000000 -101,000000 0,000000 0,000000
1004 1701447518 1,000000 -1,000000 -101,000000 0,000000 0,000000
1004 1701447519 1,000000 -1,000000 -101,000000 0,000000 0,000000
1004 1701447520 1,000000 -1,000000 -101,000000 0,000000 0,000000
1004 1701447521 1,000000 -1,000000 -101,000000 0,000000 0,000000
1004 1701447522 1,000000 -1,000000 -101,000000 0,000000 0,000000
1004 1701447523 1,000000 -1,000000 -101,000000 0,000000 0,000000
1004 1701447524 1,000000 -1,000000 -101,000000 0,000000 0,000000
1004 1701447525 1,000000 -1,000000 -101,000000 0,000000 0,000000
1004 1701447526 1,000000 -1,000000 -101,000000 0,000000 0,000000
1004 1701447532 2,000000 -1,000000 -101,000000 0,000000 0,000000
1004 1701447533 2,000000 -1,000000 -101,000000 0,000000 0,000000
1004 1701447534 2,000000 -1,000000 -101,000000 0,000000 0,000000
1004 1701447535 2,000000 -1,000000 -101,000000 0,000000 0,000000
1004 1701447536 2,000000 -1,000000 -101,000000 0,000000 0,000000
1004 1701447537 1,800000 -1,000000 -101,000000 0,000000 0,000000
1004 1701447538 1,800000 -1,000000 -101,000000 0,000000 0,000000
1004 1701447539 1,800000 -1,000000 -101,000000 0,000000 0,000000
1004 1701447540 1,800000 -1,000000 -101,000000 0,000000 0,000000
1004 1701447541 1,800000 -1,000000 -101,000000 0,000000 0,000000
1004 1701447542 1,000000 -1,000000 -101,000000 0,000000 0,000000
1004 1701447543 1,000000 -1,000000 -101,000000 0,000000 0,000000
1004 1701447544 1,000000 -1,000000 -101,000000 0,000000 0,000000
1004 1701447545 1,000000 -1,000000 -101,000000 0,000000 0,000000
1004 1701447546 1,000000 -1,000000 -101,000000 0,000000 0,000000
1004 1701447547 2,600000 -1,000000 -101,000000 0,000000 0,000000
1004 1701447548 2,600000 -1,000000 -101,000000 0,000000 0,000000
1004 1701447549 2,600000 -1,000000 -101,000000 0,000000 0,000000
1004 1701447550 2,600000 -1,000000 -101,000000 0,000000 0,000000
1004 1701447551 2,600000 -1,000000 -101,000000 0,000000 0,000000
1004 1701447552 1,600000 -1,000000 -101,000000 0,000000 0,000000
1004 1701447553 1,600000 -1,000000 -101,000000 0,000000 0,000000
1004 1701447554 1,600000 -1,000000 -101,000000 0,000000 0,000000
1004 1701447555 1,600000 -1,000000 -101,000000 0,000000 0,000000
1004 1701447556 1,600000 -1,000000 -101,000000 0,000000 0,000000
1004 1701447562 1,600000 -1,000000 -101,000000 0,000000 0,000000
1004 1701447563 1,600000 -1,000000 -101,000000 0,000000 0,000000
1004 1701447564 1,600000 -1,000000 -101,000000 0,000000 0,000000
1004 1701447565 1,600000 -1,000000 -101,000000 0,000000 0,000000
1004 1701447566 1,600000 -1,000000 -101,000000 0,000000 0,000000
1004 1701447567 1,400000 -1,000000 -101,000000 0,000000 0,000000
1004 1701447568 1,400000 -1,000000 -101,000000 0,000000 0,000000
1004 1701447569 1,400000 -1,000000 -101,000000 0,000000 0,000000
1004 1701447570 1,400000 -1,000000 -101,000000 0,000000 0,000000
1004 1701447571 1,400000 -1,000000 -101,000000 0,000000 0,000000
1004 1701447572 1,800000 -1,000000 -101,000000 0,000000 0,000000
1004 1701447573 1,800000 -1,000000 -101,000000 0,000000 0,000000
1004 1701447574 1,800000 -1,000000 -101,000000 0,000000 0,000000
1004 1701447575 1,800000 -1,000000 -101,000000 0,000000 0,000000
1004 1701447576 1,800000 -1,000000 -101,000000 0,000000 0,000000
1004 1701447592 3,200000 -1,000000 -101,000000 0,000000 0,000000
1004 1701447593 3,200000 -1,000000 -101,000000 0,000000 0,000000
1004 1701447594 3,200000 -1,000000 -101,000000 0,000000 0,000000
1004 1701447595 3,200000 -1,000000 -101,000000 0,000000 0,000000
1004 1701447596 3,200000 -1,000000 -101,000000 0,000000 0,000000
1004 1701447602 1,600000 -1,000000 -101,000000 0,000000 0,000000
1004 1701447603 1,600000 -1,000000 -101,000000 0,000000 0,000000
1004 1701447604 1,600000 -1,000000 -101,000000 0,000000 0,000000
1004 1701447605 1,600000 -1,000000 -101,000000 0,000000 0,000000
1004 1701447606 1,600000 -1,000000 -101,000000 0,000000 0,000000
1004 1701447607 1,800000 -1,000000 -101,000000 0,000000 0,000000
1004 1701447608 1,800000 -1,000000 -101,000000 0,000000 0,000000
1004 1701447609 1,800000 -1,000000 -101,000000 0,000000 0,000000
1004 1701447610 1,800000 -1,000000 -101,000000 0,000000 0,000000
1004 1701447611 1,800000 -1,000000 -101,000000 0,000000 0,000000
1004 1701447617 1,000000 -1,000000 -101,000000 0,000000 0,000000
1004 1701447618 1,000000 -1,000000 -101,000000 0,000000 0,000000
1004 1701447619 1,000000 -1,000000 -101,000000 0,000000 0,000000
1004 1701447620 1,000000 -1,000000 -101,000000 0,000000 0,000000
1004 1701447621 1,000000 -1,000000 -101,000000 0,000000 0,000000
1004 1701447622 0,400000 -1,000000 -101,000000 0,000000 0,000000
1004 1701447623 0,400000 -1,000000 -101,000000 0,000000 0,000000
1004 1701447624 0,400000 -1,000000 -101,000000 0,000000 0,000000
1004 1701447625 0,400000 -1,000000 -101,000000 0,000000 0,000000
1004 1701447626 0,400000 -1,000000 -101,000000 0,000000 0,000000
1004 1701447627 1,000000 -1,000000 -101,000000 0,000000 0,000000
1004 1701447628 1,000000 -1,000000 -101,000000 0,000000 0,000000
1004 1701447629 1,000000 -1,000000 -101,000000 0,000000 0,000000
1004 1701447630 1,000000 -1,000000 -101,000000 0,000000 0,000000
1004 1701447631 1,000000 -1,000000 -101,000000 0,000000 0,000000
1004 1701447632 3,400000 -1,000000 -101,000000 0,000000 0,000000
1004 1701447633 3,400000 -1,000000 -101,000000 0,000000 0,000000
1004 1701447634 3,400000 -1,000000 -101,000000 0,000000 0,000000
1004 1701447635 3,400000 -1,000000 -101,000000 0,000000 0,000000
1004 1701447636 3,400000 -1,000000 -101,000000 0,000000 0,000000
1004 1701447642 3,800000 -1,000000 -101,000000 0,000000 0,000000
1004 1701447643 3,800000 -1,000000 -101,000000 0,000000 0,000000
1004 1701447644 3,800000 -1,000000 -101,000000 0,000000 0,000000
1004 1701447645 3,800000 -1,000000 -101,000000 0,000000 0,000000
1004 1701447646 3,800000 -1,000000 -101,000000 0,000000 0,000000
1004 1701447652 1,800000 -1,000000 -101,000000 0,000000 0,000000
1004 1701447653 1,800000 -1,000000 -101,000000 0,000000 0,000000
1004 1701447654 1,800000 -1,000000 -101,000000 0,000000 0,000000
1004 1701447655 1,800000 -1,000000 -101,000000 0,000000 0,000000
1004 1701447656 1,800000 -1,000000 -101,000000 0,000000 0,000000
1004 1701447667 1,800000 -1,000000 -101,000000 0,000000 0,000000
1004 1701447668 1,800000 -1,000000 -101,000000 0,000000 0,000000
1004 1701447669 1,800000 -1,000000 -101,000000 0,000000 0,000000
1004 1701447670 1,800000 -1,000000 -101,000000 0,000000 0,000000
1004 1701447671 1,800000 -1,000000 -101,000000 0,000000 0,000000
1004 1701447672 1,600000 -1,000000 -101,000000 0,000000 0,000000
1004 1701447673 1,600000 -1,000000 -101,000000 0,000000 0,000000
1004 1701447674 1,600000 -1,000000 -101,000000 0,000000 0,000000
1004 1701447675 1,600000 -1,000000 -101,000000 0,000000 0,000000
1004 1701447676 1,600000 -1,000000 -101,000000 0,000000 0,000000
1004 1701447687 1,800000 -1,000000 -101,000000 0,000000 0,000000
1004 1701447688 1,800000 -1,000000 -101,000000 0,000000 0,000000
1004 1701447689 1,800000 -1,000000 -101,000000 0,000000 0,000000
1004 1701447690 1,800000 -1,000000 -101,000000 0,000000 0,000000
1004 1701447691 1,800000 -1,000000 -101,000000 0,000000 0,000000
1004 1701447692 1,400000 -1,000000 -101,000000 0,000000 0,000000
1004 1701447693 1,400000 -1,000000 -101,000000 0,000000 0,000000
1004 1701447694 1,400000 -1,000000 -101,000000 0,000000 0,000000
1004 1701447695 1,400000 -1,000000 -101,000000 0,000000 0,000000
1004 1701447696 1,400000 -1,000000 -101,000000 0,000000 0,000000
1004 1701447697 1,400000 -1,000000 -101,000000 0,000000 0,000000
1004 1701447698 1,400000 -1,000000 -101,000000 0,000000 0,000000
1004 1701447699 1,400000 -1,000000 -101,000000 0,000000 0,000000
1004 1701447700 1,400000 -1,000000 -101,000000 0,000000 0,000000
1004 1701447701 1,400000 -1,000000 -101,000000 0,000000 0,000000
1004 1701447702 1,600000 -1,000000 -101,000000 0,000000 0,000000
1004 1701447703 1,600000 -1,000000 -101,000000 0,000000 0,000000
1004 1701447704 1,600000 -1,000000 -101,000000 0,000000 0,000000
1004 1701447705 1,600000 -1,000000 -101,000000 0,000000 0,000000
1004 1701447706 1,600000 -1,000000 -101,000000 0,000000 0,000000
1004 1701447707 1,800000 -1,000000 -101,000000 0,000000 0,000000
1004 1701447708 1,800000 -1,000000 -101,000000 0,000000 0,000000
1004 1701447709 1,800000 -1,000000 -101,000000 0,000000 0,000000
1004 1701447710 1,800000 -1,000000 -101,000000 0,000000 0,000000
1004 1701447711 1,800000 -1,000000 -101,000000 0,000000 0,000000
1004 1701447712 1,000000 -1,000000 -101,000000 0,000000 0,000000
1004 1701447713 1,000000 -1,000000 -101,000000 0,000000 0,000000
1004 1701447714 1,000000 -1,000000 -101,000000 0,000000 0,000000
1004 1701447715 1,000000 -1,000000 -101,000000 0,000000 0,000000
1004 1701447716 1,000000 -1,000000 -101,000000 0,000000 0,000000
1004 1701447717 1,400000 -1,000000 -101,000000 0,000000 0,000000
1004 1701447718 1,400000 -1,000000 -101,000000 0,000000 0,000000
1004 1701447719 1,400000 -1,000000 -101,000000 0,000000 0,000000
1004 1701447720 1,400000 -1,000000 -101,000000 0,000000 0,000000
1004 1701447721 1,400000 -1,000000 -101,000000 0,000000 0,000000
1004 1701447722 1,800000 -1,000000 -101,000000 0,000000 0,000000
1004 1701447723 1,800000 -1,000000 -101,000000 0,000000 0,000000
1004 1701447724 1,800000 -1,000000 -101,000000 0,000000 0,000000
1004 1701447725 1,800000 -1,000000 -101,000000 0,000000 0,000000
1004 1701447726 1,800000 -1,000000 -101,000000 0,000000 0,000000
1004 1701447737 1,000000 -1,000000 -101,000000 0,000000 0,000000
1004 1701447738 1,000000 -1,000000 -101,000000 0,000000 0,000000
1004 1701447739 1,000000 -1,000000 -101,000000 0,000000 0,000000
1004 1701447740 1,000000 -1,000000 -101,000000 0,000000 0,000000
1004 1701447741 1,000000 -1,000000 -101,000000 0,000000 0,000000
1004 1701447742 1,600000 -1,000000 -101,000000 0,000000 0,000000
1004 1701447743 1,600000 -1,000000 -101,000000 0,000000 0,000000
1004 1701447744 1,600000 -1,000000 -101,000000 0,000000 0,000000
1004 1701447745 1,600000 -1,000000 -101,000000 0,000000 0,000000
1004 1701447746 1,600000 -1,000000 -101,000000 0,000000 0,000000
1004 1701447747 3,200000 -1,000000 -101,000000 0,000000 0,000000
1004 1701447748 3,200000 -1,000000 -101,000000 0,000000 0,000000
1004 1701447749 3,200000 -1,000000 -101,000000 0,000000 0,000000
1004 1701447750 3,200000 -1,000000 -101,000000 0,000000 0,000000
1004 1701447751 3,200000 -1,000000 -101,000000 0,000000 0,000000
1004 1701447767 1,800000 -1,000000 -101,000000 0,000000 0,000000
1004 1701447768 1,800000 -1,000000 -101,000000 0,000000 0,000000
1004 1701447769 1,800000 -1,000000 -101,000000 0,000000 0,000000
1004 1701447770 1,800000 -1,000000 -101,000000 0,000000 0,000000
1004 1701447771 1,800000 -1,000000 -101,000000 0,000000 0,000000
1004 1701447772 2,200000 -1,000000 -101,000000 0,000000 0,000000
1004 1701447773 2,200000 -1,000000 -101,000000 0,000000 0,000000
1004 1701447774 2,200000 -1,000000 -101,000000 0,000000 0,000000
1004 1701447775 2,200000 -1,000000 -101,000000 0,000000 0,000000
1004 1701447776 2,200000 -1,000000 -101,000000 0,000000 0,000000
1004 1701447777 0,800000 -1,000000 -101,000000 0,000000 0,000000
1004 1701447778 0,800000 -1,000000 -101,000000 0,000000 0,000000
1004 1701447779 0,800000 -1,000000 -101,000000 0,000000 0,000000
1004 1701447780 0,800000 -1,000000 -101,000000 0,000000 0,000000
1004 1701447781 0,800000 -1,000000 -101,000000 0,000000 0,000000
1004 1701447782 1,800000 -1,000000 -101,000000 0,000000 0,000000
1004 1701447783 1,800000 -1,000000 -101,000000 0,000000 0,000000
1004 1701447784 1,800000 -1,000000 -101,000000 0,000000 0,000000
1004 1701447785 1,800000 -1,000000 -101,000000 0,000000 0,000000
1004 1701447786 1,800000 -1,000000 -101,000000 0,000000 0,000000
1004 1701447792 2,000000 -1,000000 -101,000000 0,000000 0,000000
1004 1701447793 2,000000 -1,000000 -101,000000 0,000000 0,000000
1004 1701447794 2,000000 -1,000000 -101,000000 0,000000 0,000000
1004 1701447795 2,000000 -1,000000 -101,000000 0,000000 0,000000
1004 1701447796 2,000000 -1,000000 -101,000000 0,000000 0,000000
1004 1701447797 0,800000 -1,000000 -101,000000 0,000000 0,000000
1004 1701447798 0,800000 -1,000000 -101,000000 0,000000 0,000000
1004 1701447799 0,800000 -1,000000 -101,000000 0,000000 0,000000
1004 1701447800 0,800000 -1,000000 -101,000000 0,000000 0,000000
1004 1701447801 0,800000 -1,000000 -101,000000 0,000000 0,000000
1004 1701447802 1,000000 -1,000000 -101,000000 0,000000 0,000000
1004 1701447803 1,000000 -1,000000 -101,000000 0,000000 0,000000
1004 1701447804 1,000000 -1,000000 -101,000000 0,000000 0,000000
1004 1701447805 1,000000 -1,000000 -101,000000 0,000000 0,000000
1004 1701447806 1,000000 -1,000000 -101,000000 0,000000 0,000000
1004 1701447807 1,800000 -1,000000 -101,000000 0,000000 0,000000
1004 1701447808 1,800000 -1,000000 -101,000000 0,000000 0,000000
1004 1701447809 1,800000 -1,000000 -101,000000 0,000000 0,000000
1004 1701447810 1,800000 -1,000000 -101,000000 0,000000 0,000000
1004 1701447811 1,800000 -1,000000 -101,000000 0,000000 0,000000
1004 1701447817 1,600000 -1,000000 -101,000000 0,000000 0,000000
1004 1701447818 1,600000 -1,000000 -101,000000 0,000000 0,000000
1004 1701447819 1,600000 -1,000000 -101,000000 0,000000 0,000000
1004 1701447820 1,600000 -1,000000 -101,000000 0,000000 0,000000
1004 1701447821 1,600000 -1,000000 -101,000000 0,000000 0,000000
1004 1701447827 1,800000 -1,000000 -101,000000 0,000000 0,000000
1004 1701447828 1,800000 -1,000000 -101,000000 0,000000 0,000000
1004 1701447829 1,800000 -1,000000 -101,000000 0,000000 0,000000
1004 1701447830 1,800000 -1,000000 -101,000000 0,000000 0,000000
1004 1701447831 1,800000 -1,000000 -101,000000 0,000000 0,000000
1004 1701447832 1,000000 -1,000000 -101,000000 0,000000 0,000000
1004 1701447833 1,000000 -1,000000 -101,000000 0,000000 0,000000
1004 1701447834 1,000000 -1,000000 -101,000000 0,000000 0,000000
1004 1701447835 1,000000 -1,000000 -101,000000 0,000000 0,000000
1004 1701447836 1,000000 -1,000000 -101,000000 0,000000 0,000000
1004 1701447842 1,800000 -1,000000 -101,000000 0,000000 0,000000
1004 1701447843 1,800000 -1,000000 -101,000000 0,000000 0,000000
1004 1701447844 1,800000 -1,000000 -101,000000 0,000000 0,000000
1004 1701447906 1,000000 -1,000000 1,000000 1,000000 0,000000
1004 1701447905 1,000000 -1,000000 1,000000 1,000000 0,000000
1004 1701447904 1,000000 -1,000000 1,000000 1,000000 0,000000
1004 1701447903 1,000000 -1,000000 1,000000 1,000000 0,000000
1004 1701447902 1,000000 -1,000000 1,000000 1,000000 0,000000
1004 1701447901 3,200000 -1,000000 3,200000 3,200000 0,000000
1004 1701447900 3,200000 -1,000000 3,200000 3,200000 0,000000
1004 1701447899 3,200000 -1,000000 3,200000 3,200000 0,000000
1004 1701447898 3,200000 -1,000000 3,200000 3,200000 0,000000
1004 1701447897 3,200000 -1,000000 3,200000 3,200000 0,000000
1004 1701447891 1,600000 -1,000000 1,600000 1,600000 0,000000
1004 1701447890 1,600000 -1,000000 1,600000 1,600000 0,000000
1004 1701447889 1,600000 -1,000000 1,600000 1,600000 0,000000
1004 1701447888 1,600000 -1,000000 1,600000 1,600000 0,000000
1004 1701447887 1,600000 -1,000000 1,600000 1,600000 0,000000
1004 1701447886 1,800000 -1,000000 1,800000 1,800000 0,000000
1004 1701447885 1,800000 -1,000000 1,800000 1,800000 0,000000
1004 1701447884 1,800000 -1,000000 1,800000 1,800000 0,000000
1004 1701447883 1,800000 -1,000000 1,800000 1,800000 0,000000
1004 1701447882 1,800000 -1,000000 1,800000 1,800000 0,000000
1004 1701447871 1,400000 -1,000000 1,400000 1,400000 0,000000
1004 1701447870 1,400000 -1,000000 1,400000 1,400000 0,000000
1004 1701447869 1,400000 -1,000000 1,400000 1,400000 0,000000
1004 1701447868 1,400000 -1,000000 1,400000 1,400000 0,000000
1004 1701447867 1,400000 -1,000000 1,400000 1,400000 0,000000
1004 1701447866 1,800000 -1,000000 1,800000 1,800000 0,000000
1004 1701447865 1,800000 -1,000000 1,800000 1,800000 0,000000
1004 1701447864 1,800000 -1,000000 1,800000 1,800000 0,000000
1004 1701447863 1,800000 -1,000000 1,800000 1,800000 0,000000
1004 1701447862 1,800000 -1,000000 1,800000 1,800000 0,000000
1004 1701447851 4,400000 -1,000000 4,400000 4,400000 0,000000
1004 1701447850 4,400000 -1,000000 4,400000 4,400000 0,000000
1004 1701447849 4,400000 -1,000000 4,400000 4,400000 0,000000
1004 1701447848 4,400000 -1,000000 4,400000 4,400000 0,000000
1004 1701447847 4,400000 -1,000000 4,400000 4,400000 0,000000
1004 1701447846 1,800000 -1,000000 1,800000 1,800000 0,000000
1004 1701447845 1,800000 -1,000000 1,800000 1,800000 0,000000
1004 1701447845 1,800000 -1,000000 -101,000000 0,000000 0,000000
1004 1701447846 1,800000 -1,000000 -101,000000 0,000000 0,000000
1004 1701447847 4,400000 -1,000000 -101,000000 0,000000 0,000000
1004 1701447848 4,400000 -1,000000 -101,000000 0,000000 0,000000
1004 1701447849 4,400000 -1,000000 -101,000000 0,000000 0,000000
1004 1701447850 4,400000 -1,000000 -101,000000 0,000000 0,000000
1004 1701447851 4,400000 -1,000000 -101,000000 0,000000 0,000000
1004 1701447862 1,800000 -1,000000 -101,000000 0,000000 0,000000
1004 1701447863 1,800000 -1,000000 -101,000000 0,000000 0,000000
1004 1701447864 1,800000 -1,000000 -101,000000 0,000000 0,000000
1004 1701447865 1,800000 -1,000000 -101,000000 0,000000 0,000000
1004 1701447866 1,800000 -1,000000 -101,000000 0,000000 0,000000
1004 1701447867 1,400000 -1,000000 -101,000000 0,000000 0,000000
1004 1701447868 1,400000 -1,000000 -101,000000 0,000000 0,000000
1004 1701447869 1,400000 -1,000000 -101,000000 0,000000 0,000000
1004 1701447870 1,400000 -1,000000 -101,000000 0,000000 0,000000
1004 1701447871 1,400000 -1,000000 -101,000000 0,000000 0,000000
1004 1701447882 1,800000 -1,000000 -101,000000 0,000000 0,000000
1004 1701447883 1,800000 -1,000000 -101,000000 0,000000 0,000000
1004 1701447884 1,800000 -1,000000 -101,000000 0,000000 0,000000
1004 1701447885 1,800000 -1,000000 -101,000000 0,000000 0,000000
1004 1701447886 1,800000 -1,000000 -101,000000 0,000000 0,000000
1004 1701447887 1,600000 -1,000000 -101,000000 0,000000 0,000000
1004 1701447888 1,600000 -1,000000 -101,000000 0,000000 0,000000
1004 1701447889 1,600000 -1,000000 -101,000000 0,000000 0,000000
1004 1701447890 1,600000 -1,000000 -101,000000 0,000000 0,000000
1004 1701447891 1,600000 -1,000000 -101,000000 0,000000 0,000000
1004 1701447897 3,200000 -1,000000 -101,000000 0,000000 0,000000
1004 1701447898 3,200000 -1,000000 -101,000000 0,000000 0,000000
1004 1701447899 3,200000 -1,000000 -101,000000 0,000000 0,000000
1004 1701447900 3,200000 -1,000000 -101,000000 0,000000 0,000000
1004 1701447901 3,200000 -1,000000 -101,000000 0,000000 0,000000
1004 1701447902 1,000000 -1,000000 -101,000000 0,000000 0,000000
1004 1701447903 1,000000 -1,000000 -101,000000 0,000000 0,000000
1004 1701447904 1,000000 -1,000000 -101,000000 0,000000 0,000000
1004 1701447905 1,000000 -1,000000 -101,000000 0,000000 0,000000
1004 1701447906 1,000000 -1,000000 -101,000000 0,000000 0,000000
1004 1701447917 1,600000 -1,000000 -101,000000 0,000000 0,000000
1004 1701447918 1,600000 -1,000000 -101,000000 0,000000 0,000000
1004 1701447919 1,600000 -1,000000 -101,000000 0,000000 0,000000
1004 1701447920 1,600000 -1,000000 -101,000000 0,000000 0,000000
1004 1701447921 1,600000 -1,000000 -101,000000 0,000000 0,000000
1004 1701447922 3,200000 -1,000000 -101,000000 0,000000 0,000000
1004 1701447923 3,200000 -1,000000 -101,000000 0,000000 0,000000
1004 1701447924 3,200000 -1,000000 -101,000000 0,000000 0,000000
1004 1701447925 3,200000 -1,000000 -101,000000 0,000000 0,000000
1004 1701447926 3,200000 -1,000000 -101,000000 0,000000 0,000000
1004 1701447927 1,000000 -1,000000 -101,000000 0,000000 0,000000
1004 1701447928 1,000000 -1,000000 -101,000000 0,000000 0,000000
1004 1701447929 1,000000 -1,000000 -101,000000 0,000000 0,000000
1004 1701447930 1,000000 -1,000000 -101,000000 0,000000 0,000000
1004 1701447931 1,000000 -1,000000 -101,000000 0,000000 0,000000
1004 1701447942 3,200000 -1,000000 -101,000000 0,000000 0,000000
1004 1701447943 3,200000 -1,000000 -101,000000 0,000000 0,000000
1004 1701447944 3,200000 -1,000000 -101,000000 0,000000 0,000000
1004 1701447945 3,200000 -1,000000 -101,000000 0,000000 0,000000
1004 1701447946 3,200000 -1,000000 -101,000000 0,000000 0,000000
1004 1701447947 1,400000 -1,000000 -101,000000 0,000000 0,000000
1004 1701447948 1,400000 -1,000000 -101,000000 0,000000 0,000000
1004 1701447949 1,400000 -1,000000 -101,000000 0,000000 0,000000
1004 1701447950 1,400000 -1,000000 -101,000000 0,000000 0,000000
1004 1701447951 1,400000 -1,000000 -101,000000 0,000000 0,000000
1004 1701447957 3,400000 -1,000000 -101,000000 0,000000 0,000000
1004 1701447958 3,400000 -1,000000 -101,000000 0,000000 0,000000
1004 1701447959 3,400000 -1,000000 -101,000000 0,000000 0,000000
1004 1701447960 3,400000 -1,000000 -101,000000 0,000000 0,000000
1004 1701447961 3,400000 -1,000000 -101,000000 0,000000 0,000000
1004 1701447977 1,800000 -1,000000 -101,000000 0,000000 0,000000
1004 1701447978 1,800000 -1,000000 -101,000000 0,000000 0,000000
1004 1701447979 1,800000 -1,000000 -101,000000 0,000000 0,000000
1004 1701447980 1,800000 -1,000000 -101,000000 0,000000 0,000000
1004 1701447981 1,800000 -1,000000 -101,000000 0,000000 0,000000
1004 1701447987 1,600000 -1,000000 -101,000000 0,000000 0,000000
1004 1701447988 1,600000 -1,000000 -101,000000 0,000000 0,000000
1004 1701447989 1,600000 -1,000000 -101,000000 0,000000 0,000000
1004 1701447990 1,600000 -1,000000 -101,000000 0,000000 0,000000
1004 1701447991 1,600000 -1,000000 -101,000000 0,000000 0,000000
1004 1701447997 5,000000 -1,000000 -101,000000 0,000000 0,000000
1004 1701447998 5,000000 -1,000000 -101,000000 0,000000 0,000000
1004 1701447999 5,000000 -1,000000 -101,000000 0,000000 0,000000
1004 1701448000 5,000000 -1,000000 -101,000000 0,000000 0,000000
1004 1701448001 5,000000 -1,000000 -101,000000 0,000000 0,000000
1004 1701448002 0,600000 -1,000000 -101,000000 0,000000 0,000000
1004 1701448003 0,600000 -1,000000 -101,000000 0,000000 0,000000
1004 1701448004 0,600000 -1,000000 -101,000000 0,000000 0,000000
1004 1701448005 0,600000 -1,000000 -101,000000 0,000000 0,000000
1004 1701448006 0,600000 -1,000000 -101,000000 0,000000 0,000000
1004 1701448012 1,200000 -1,000000 -101,000000 0,000000 0,000000
1004 1701448013 1,200000 -1,000000 -101,000000 0,000000 0,000000
1004 1701448014 1,200000 -1,000000 -101,000000 0,000000 0,000000
1004 1701448015 1,200000 -1,000000 -101,000000 0,000000 0,000000
1004 1701448016 1,200000 -1,000000 -101,000000 0,000000 0,000000
1004 1701448017 2,000000 -1,000000 -101,000000 0,000000 0,000000
1004 1701448018 2,000000 -1,000000 -101,000000 0,000000 0,000000
1004 1701448019 2,000000 -1,000000 -101,000000 0,000000 0,000000
1004 1701448020 2,000000 -1,000000 -101,000000 0,000000 0,000000
1004 1701448021 2,000000 -1,000000 -101,000000 0,000000 0,000000
1004 1701448022 1,000000 -1,000000 -101,000000 0,000000 0,000000
1004 1701448023 1,000000 -1,000000 -101,000000 0,000000 0,000000
1004 1701448024 1,000000 -1,000000 -101,000000 0,000000 0,000000
1004 1701448025 1,000000 -1,000000 -101,000000 0,000000 0,000000
1004 1701448026 1,000000 -1,000000 -101,000000 0,000000 0,000000
1004 1701448027 1,600000 -1,000000 -101,000000 0,000000 0,000000
1004 1701448028 1,600000 -1,000000 -101,000000 0,000000 0,000000
1004 1701448029 1,600000 -1,000000 -101,000000 0,000000 0,000000
1004 1701448030 1,600000 -1,000000 -101,000000 0,000000 0,000000
1004 1701448031 1,600000 -1,000000 -101,000000 0,000000 0,000000
1004 1701448037 1,800000 -1,000000 -101,000000 0,000000 0,000000
1004 1701448038 1,800000 -1,000000 -101,000000 0,000000 0,000000
1004 1701448039 1,800000 -1,000000 -101,000000 0,000000 0,000000
1004 1701448040 1,800000 -1,000000 -101,000000 0,000000 0,000000
1004 1701448041 1,800000 -1,000000 -101,000000 0,000000 0,000000
1004 1701448047 0,600000 -1,000000 -101,000000 0,000000 0,000000
1004 1701448048 0,600000 -1,000000 -101,000000 0,000000 0,000000
1004 1701448049 0,600000 -1,000000 -101,000000 0,000000 0,000000
1004 1701448050 0,600000 -1,000000 -101,000000 0,000000 0,000000
1004 1701448051 0,600000 -1,000000 -101,000000 0,000000 0,000000
1004 1701448052 0,800000 -1,000000 -101,000000 0,000000 0,000000
1004 1701448053 0,800000 -1,000000 -101,000000 0,000000 0,000000
1004 1701448054 0,800000 -1,000000 -101,000000 0,000000 0,000000
1004 1701448055 0,800000 -1,000000 -101,000000 0,000000 0,000000
1004 1701448056 0,800000 -1,000000 -101,000000 0,000000 0,000000
1004 1701448057 3,400000 -1,000000 -101,000000 0,000000 0,000000
1004 1701448058 3,400000 -1,000000 -101,000000 0,000000 0,000000
1004 1701448059 3,400000 -1,000000 -101,000000 0,000000 0,000000
1004 1701448060 3,400000 -1,000000 -101,000000 0,000000 0,000000
1004 1701448061 3,400000 -1,000000 -101,000000 0,000000 0,000000
1004 1701448072 3,200000 -1,000000 -101,000000 0,000000 0,000000
1004 1701448073 3,200000 -1,000000 -101,000000 0,000000 0,000000
1004 1701448074 3,200000 -1,000000 -101,000000 0,000000 0,000000
1004 1701448075 3,200000 -1,000000 -101,000000 0,000000 0,000000
1004 1701448076 3,200000 -1,000000 -101,000000 0,000000 0,000000
1004 1701448092 2,800000 -1,000000 -101,000000 0,000000 0,000000
1004 1701448093 2,800000 -1,000000 -101,000000 0,000000 0,000000
1004 1701448094 2,800000 -1,000000 -101,000000 0,000000 0,000000
1004 1701448095 2,800000 -1,000000 -101,000000 0,000000 0,000000
1004 1701448096 2,800000 -1,000000 -101,000000 0,000000 0,000000
1004 1701448097 3,000000 -1,000000 -101,000000 0,000000 0,000000
1004 1701448098 3,000000 -1,000000 -101,000000 0,000000 0,000000
1004 1701448099 3,000000 -1,000000 -101,000000 0,000000 0,000000
1004 1701448100 3,000000 -1,000000 -101,000000 0,000000 0,000000
1004 1701448101 3,000000 -1,000000 -101,000000 0,000000 0,000000
1004 1701448102 1,400000 -1,000000 -101,000000 0,000000 0,000000
1004 1701448103 1,400000 -1,000000 -101,000000 0,000000 0,000000
1004 1701448104 1,400000 -1,000000 -101,000000 0,000000 0,000000
1004 1701448105 1,400000 -1,000000 -101,000000 0,000000 0,000000
1004 1701448106 1,400000 -1,000000 -101,000000 0,000000 0,000000
1004 1701448117 2,800000 -1,000000 -101,000000 0,000000 0,000000
1004 1701448118 2,800000 -1,000000 -101,000000 0,000000 0,000000
1004 1701448119 2,800000 -1,000000 -101,000000 0,000000 0,000000
1004 1701448120 2,800000 -1,000000 -101,000000 0,000000 0,000000
1004 1701448121 2,800000 -1,000000 -101,000000 0,000000 0,000000
1004 1701448127 1,600000 -1,000000 -101,000000 0,000000 0,000000
1004 1701448128 1,600000 -1,000000 -101,000000 0,000000 0,000000
1004 1701448129 1,600000 -1,000000 -101,000000 0,000000 0,000000
1004 1701448130 1,600000 -1,000000 -101,000000 0,000000 0,000000
1004 1701448131 1,600000 -1,000000 -101,000000 0,000000 0,000000
1004 1701448132 1,800000 -1,000000 -101,000000 0,000000 0,000000
1004 1701448133 1,800000 -1,000000 -101,000000 0,000000 0,000000
1004 1701448134 1,800000 -1,000000 -101,000000 0,000000 0,000000
1004 1701448135 1,800000 -1,000000 -101,000000 0,000000 0,000000
1004 1701448136 1,800000 -1,000000 -101,000000 0,000000 0,000000
1004 1701448147 1,400000 -1,000000 -101,000000 0,000000 0,000000
1004 1701448148 1,400000 -1,000000 -101,000000 0,000000 0,000000
1004 1701448149 1,400000 -1,000000 -101,000000 0,000000 0,000000
1004 1701448150 1,400000 -1,000000 -101,000000 0,000000 0,000000
1004 1701448151 1,400000 -1,000000 -101,000000 0,000000 0,000000
1004 1701448152 3,200000 -1,000000 -101,000000 0,000000 0,000000
1004 1701448153 3,200000 -1,000000 -101,000000 0,000000 0,000000
1004 1701448154 3,200000 -1,000000 -101,000000 0,000000 0,000000
1004 1701448155 3,200000 -1,000000 -101,000000 0,000000 0,000000
1004 1701448156 3,200000 -1,000000 -101,000000 0,000000 0,000000
1004 1701448167 3,000000 -1,000000 -101,000000 0,000000 0,000000
1004 1701448168 3,000000 -1,000000 -101,000000 0,000000 0,000000
1004 1701448169 3,000000 -1,000000 -101,000000 0,000000 0,000000
1004 1701448170 3,000000 -1,000000 -101,000000 0,000000 0,000000
1004 1701448171 3,000000 -1,000000 -101,000000 0,000000 0,000000
1004 1701448172 1,800000 -1,000000 -101,000000 0,000000 0,000000
1004 1701448173 1,800000 -1,000000 -101,000000 0,000000 0,000000
1004 1701448174 1,800000 -1,000000 -101,000000 0,000000 0,000000
1004 1701448175 1,800000 -1,000000 -101,000000 0,000000 0,000000
1004 1701448176 1,800000 -1,000000 -101,000000 0,000000 0,000000
1004 1701448187 2,800000 -1,000000 -101,000000 0,000000 0,000000
1004 1701448188 2,800000 -1,000000 -101,000000 0,000000 0,000000
1004 1701448189 2,800000 -1,000000 -101,000000 0,000000 0,000000
1004 1701448190 2,800000 -1,000000 -101,000000 0,000000 0,000000
1004 1701448191 2,800000 -1,000000 -101,000000 0,000000 0,000000
1004 1701448197 1,600000 -1,000000 -101,000000 0,000000 0,000000
1004 1701448198 1,600000 -1,000000 -101,000000 0,000000 0,000000
1004 1701448199 1,600000 -1,000000 -101,000000 0,000000 0,000000
1004 1701448200 1,600000 -1,000000 -101,000000 0,000000 0,000000
1004 1701448201 1,600000 -1,000000 -101,000000 0,000000 0,000000
1004 1701448202 1,400000 -1,000000 -101,000000 0,000000 0,000000
1004 1701448203 1,400000 -1,000000 -101,000000 0,000000 0,000000
1004 1701448204 1,400000 -1,000000 -101,000000 0,000000 0,000000
1004 1701448205 1,400000 -1,000000 -101,000000 0,000000 0,000000
1004 1701448206 1,400000 -1,000000 -101,000000 0,000000 0,000000
1004 1701448212 2,800000 -1,000000 -101,000000 0,000000 0,000000
1004 1701448213 2,800000 -1,000000 -101,000000 0,000000 0,000000
1004 1701448214 2,800000 -1,000000 -101,000000 0,000000 0,000000
1004 1701448215 2,800000 -1,000000 -101,000000 0,000000 0,000000
1004 1701448216 2,800000 -1,000000 -101,000000 0,000000 0,000000
1004 1701448222 1,400000 -1,000000 -101,000000 0,000000 0,000000
1004 1701448223 1,400000 -1,000000 -101,000000 0,000000 0,000000
1004 1701448224 1,400000 -1,000000 -101,000000 0,000000 0,000000
1004 1701448225 1,400000 -1,000000 -101,000000 0,000000 0,000000
1004 1701448226 1,400000 -1,000000 -101,000000 0,000000 0,000000
1004 1701448232 1,800000 -1,000000 -101,000000 0,000000 0,000000
1004 1701448233 1,800000 -1,000000 -101,000000 0,000000 0,000000
1004 1701448234 1,800000 -1,000000 -101,000000 0,000000 0,000000
1004 1701448235 1,800000 -1,000000 -101,000000 0,000000 0,000000
1004 1701448236 1,800000 -1,000000 -101,000000 0,000000 0,000000
1004 1701448237 0,200000 -1,000000 -101,000000 0,000000 0,000000
1004 1701448238 0,200000 -1,000000 -101,000000 0,000000 0,000000
1004 1701448239 0,200000 -1,000000 -101,000000 0,000000 0,000000
1004 1701448240 0,200000 -1,000000 -101,000000 0,000000 0,000000
1004 1701448241 0,200000 -1,000000 -101,000000 0,000000 0,000000
1004 1701448242 2,800000 -1,000000 -101,000000 0,000000 0,000000
1004 1701448243 2,800000 -1,000000 -101,000000 0,000000 0,000000
1004 1701448244 2,800000 -1,000000 -101,000000 0,000000 0,000000
1004 1701448245 2,800000 -1,000000 -101,000000 0,000000 0,000000
1004 1701448246 2,800000 -1,000000 -101,000000 0,000000 0,000000
1004 1701448247 1,800000 -1,000000 -101,000000 0,000000 0,000000
1004 1701448248 1,800000 -1,000000 -101,000000 0,000000 0,000000
1004 1701448249 1,800000 -1,000000 -101,000000 0,000000 0,000000
1004 1701448250 1,800000 -1,000000 -101,000000 0,000000 0,000000
1004 1701448251 1,800000 -1,000000 -101,000000 0,000000 0,000000
1004 1701448252 1,400000 -1,000000 -101,000000 0,000000 0,000000
1004 1701448253 1,400000 -1,000000 -101,000000 0,000000 0,000000
1004 1701448254 1,400000 -1,000000 -101,000000 0,000000 0,000000
1004 1701448255 1,400000 -1,000000 -101,000000 0,000000 0,000000
1004 1701448256 1,400000 -1,000000 -101,000000 0,000000 0,000000
1004 1701448267 2,800000 -1,000000 -101,000000 0,000000 0,000000
1004 1701448268 2,800000 -1,000000 -101,000000 0,000000 0,000000
1004 1701448269 2,800000 -1,000000 -101,000000 0,000000 0,000000
1004 1701448270 2,800000 -1,000000 -101,000000 0,000000 0,000000
1004 1701448271 2,800000 -1,000000 -101,000000 0,000000 0,000000
1004 1701448272 0,600000 -1,000000 -101,000000 0,000000 0,000000
1004 1701448273 0,600000 -1,000000 -101,000000 0,000000 0,000000
1004 1701448274 0,600000 -1,000000 -101,000000 0,000000 0,000000
1004 1701448275 0,600000 -1,000000 -101,000000 0,000000 0,000000
1004 1701448276 0,600000 -1,000000 -101,000000 0,000000 0,000000
1004 1701448282 1,000000 -1,000000 -101,000000 0,000000 0,000000
1004 1701448283 1,000000 -1,000000 -101,000000 0,000000 0,000000
1004 1701448284 1,000000 -1,000000 -101,000000 0,000000 0,000000
1004 1701448285 1,000000 -1,000000 -101,000000 0,000000 0,000000
1004 1701448286 1,000000 -1,000000 -101,000000 0,000000 0,000000
1004 1701448287 1,000000 -1,000000 -101,000000 0,000000 0,000000
1004 1701448288 1,000000 -1,000000 -101,000000 0,000000 0,000000
1004 1701448289 1,000000 -1,000000 -101,000000 0,000000 0,000000
1004 1701448290 1,000000 -1,000000 -101,000000 0,000000 0,000000
1004 1701448291 1,000000 -1,000000 -101,000000 0,000000 0,000000
1004 1701448292 0,800000 -1,000000 -101,000000 0,000000 0,000000
1004 1701448293 0,800000 -1,000000 -101,000000 0,000000 0,000000
1004 1701448294 0,800000 -1,000000 -101,000000 0,000000 0,000000
1004 1701448295 0,800000 -1,000000 -101,000000 0,000000 0,000000
1004 1701448296 0,800000 -1,000000 -101,000000 0,000000 0,000000
1004 1701448297 1,400000 -1,000000 -101,000000 0,000000 0,000000
1004 1701448298 1,400000 -1,000000 -101,000000 0,000000 0,000000
1004 1701448299 1,400000 -1,000000 -101,000000 0,000000 0,000000
1004 1701448300 1,400000 -1,000000 -101,000000 0,000000 0,000000
1004 1701448301 1,400000 -1,000000 -101,000000 0,000000 0,000000
1004 1701448302 2,600000 -1,000000 -101,000000 0,000000 0,000000
1004 1701448303 2,600000 -1,000000 -101,000000 0,000000 0,000000
1004 1701448304 2,600000 -1,000000 -101,000000 0,000000 0,000000
1004 1701448305 2,600000 -1,000000 -101,000000 0,000000 0,000000
1004 1701448306 2,600000 -1,000000 -101,000000 0,000000 0,000000
1004 1701448307 1,600000 -1,000000 -101,000000 0,000000 0,000000
1004 1701448308 1,600000 -1,000000 -101,000000 0,000000 0,000000
1004 1701448309 1,600000 -1,000000 -101,000000 0,000000 0,000000
1004 1701448310 1,600000 -1,000000 -101,000000 0,000000 0,000000
1004 1701448311 1,600000 -1,000000 -101,000000 0,000000 0,000000
1004 1701448312 1,600000 -1,000000 -101,000000 0,000000 0,000000
1004 1701448313 1,600000 -1,000000 -101,000000 0,000000 0,000000
1004 1701448314 1,600000 -1,000000 -101,000000 0,000000 0,000000
1004 1701448315 1,600000 -1,000000 -101,000000 0,000000 0,000000
1004 1701448316 1,600000 -1,000000 -101,000000 0,000000 0,000000
1004 1701448317 1,400000 -1,000000 -101,000000 0,000000 0,000000
1004 1701448318 1,400000 -1,000000 -101,000000 0,000000 0,000000
1004 1701448319 1,400000 -1,000000 -101,000000 0,000000 0,000000
1004 1701448320 1,400000 -1,000000 -101,000000 0,000000 0,000000
1004 1701448321 1,400000 -1,000000 -101,000000 0,000000 0,000000
1004 1701448327 1,800000 -1,000000 -101,000000 0,000000 0,000000
1004 1701448328 1,800000 -1,000000 -101,000000 0,000000 0,000000
1004 1701448329 1,800000 -1,000000 -101,000000 0,000000 0,000000
1004 1701448330 1,800000 -1,000000 -101,000000 0,000000 0,000000
1004 1701448331 1,800000 -1,000000 -101,000000 0,000000 0,000000
1004 1701448342 1,600000 -1,000000 -101,000000 0,000000 0,000000
1004 1701448343 1,600000 -1,000000 -101,000000 0,000000 0,000000
1004 1701448344 1,600000 -1,000000 -101,000000 0,000000 0,000000
1004 1701448345 1,600000 -1,000000 -101,000000 0,000000 0,000000
1004 1701448346 1,600000 -1,000000 -101,000000 0,000000 0,000000
1004 1701448347 1,800000 -1,000000 -101,000000 0,000000 0,000000
1004 1701448348 1,800000 -1,000000 -101,000000 0,000000 0,000000
1004 1701448349 1,800000 -1,000000 -101,000000 0,000000 0,000000
1004 1701448350 1,800000 -1,000000 -101,000000 0,000000 0,000000
1004 1701448351 1,800000 -1,000000 -101,000000 0,000000 0,000000
1004 1701448357 1,400000 -1,000000 -101,000000 0,000000 0,000000
1004 1701448358 1,400000 -1,000000 -101,000000 0,000000 0,000000
1004 1701448359 1,400000 -1,000000 -101,000000 0,000000 0,000000
1004 1701448360 1,400000 -1,000000 -101,000000 0,000000 0,000000
1004 1701448361 1,400000 -1,000000 -101,000000 0,000000 0,000000
1004 1701448362 1,800000 -1,000000 -101,000000 0,000000 0,000000
1004 1701448363 1,800000 -1,000000 -101,000000 0,000000 0,000000
1004 1701448364 1,800000 -1,000000 -101,000000 0,000000 0,000000
1004 1701448365 1,800000 -1,000000 -101,000000 0,000000 0,000000
1004 1701448366 1,800000 -1,000000 -101,000000 0,000000 0,000000
1004 1701448372 1,400000 -1,000000 -101,000000 0,000000 0,000000
1004 1701448373 1,400000 -1,000000 -101,000000 0,000000 0,000000
1004 1701448374 1,400000 -1,000000 -101,000000 0,000000 0,000000
1004 1701448375 1,400000 -1,000000 -101,000000 0,000000 0,000000
1004 1701448376 1,400000 -1,000000 -101,000000 0,000000 0,000000
1004 1701448377 0,200000 -1,000000 -101,000000 0,000000 0,000000
1004 1701448378 0,200000 -1,000000 -101,000000 0,000000 0,000000
1004 1701448379 0,200000 -1,000000 -101,000000 0,000000 0,000000
1004 1701448380 0,200000 -1,000000 -101,000000 0,000000 0,000000
1004 1701448381 0,200000 -1,000000 -101,000000 0,000000 0,000000
1004 1701448382 2,400000 -1,000000 -101,000000 0,000000 0,000000
1004 1701448383 2,400000 -1,000000 -101,000000 0,000000 0,000000
1004 1701448384 2,400000 -1,000000 -101,000000 0,000000 0,000000
1004 1701448385 2,400000 -1,000000 -101,000000 0,000000 0,000000
1004 1701448386 2,400000 -1,000000 -101,000000 0,000000 0,000000
1004 1701448387 2,200000 -1,000000 -101,000000 0,000000 0,000000
1004 1701448388 2,200000 -1,000000 -101,000000 0,000000 0,000000
1004 1701448389 2,200000 -1,000000 -101,000000 0,000000 0,000000
1004 1701448390 2,200000 -1,000000 -101,000000 0,000000 0,000000
1004 1701448391 2,200000 -1,000000 -101,000000 0,000000 0,000000
1004 1701448392 1,000000 -1,000000 -101,000000 0,000000 0,000000
1004 1701448393 1,000000 -1,000000 -101,000000 0,000000 0,000000
1004 1701448394 1,000000 -1,000000 -101,000000 0,000000 0,000000
1004 1701448395 1,000000 -1,000000 -101,000000 0,000000 0,000000
1004 1701448396 1,000000 -1,000000 -101,000000 0,000000 0,000000
1004 1701448402 1,000000 -1,000000 -101,000000 0,000000 0,000000
1004 1701448403 1,000000 -1,000000 -101,000000 0,000000 0,000000
1004 1701448404 1,000000 -1,000000 -101,000000 0,000000 0,000000
1004 1701448405 1,000000 -1,000000 -101,000000 0,000000 0,000000
1004 1701448406 1,000000 -1,000000 -101,000000 0,000000 0,000000
1004 1701448407 3,200000 -1,000000 -101,000000 0,000000 0,000000
1004 1701448408 3,200000 -1,000000 -101,000000 0,000000 0,000000
1004 1701448409 3,200000 -1,000000 -101,000000 0,000000 0,000000
1004 1701448410 3,200000 -1,000000 -101,000000 0,000000 0,000000
1004 1701448411 3,200000 -1,000000 -101,000000 0,000000 0,000000
1004 1701448412 1,600000 -1,000000 -101,000000 0,000000 0,000000
1004 1701448413 1,600000 -1,000000 -101,000000 0,000000 0,000000
1004 1701448414 1,600000 -1,000000 -101,000000 0,000000 0,000000
1004 1701448415 1,600000 -1,000000 -101,000000 0,000000 0,000000
1004 1701448416 1,600000 -1,000000 -101,000000 0,000000 0,000000
1004 1701448422 1,800000 -1,000000 -101,000000 0,000000 0,000000
1004 1701448423 1,800000 -1,000000 -101,000000 0,000000 0,000000
1004 1701448424 1,800000 -1,000000 -101,000000 0,000000 0,000000
1004 1701448425 1,800000 -1,000000 -101,000000 0,000000 0,000000
1004 1701448426 1,800000 -1,000000 -101,000000 0,000000 0,000000
1004 1701448442 1,800000 -1,000000 -101,000000 0,000000 0,000000
1004 1701448443 1,800000 -1,000000 -101,000000 0,000000 0,000000
1004 1701448444 1,800000 -1,000000 -101,000000 0,000000 0,000000
1004 1701448445 1,800000 -1,000000 -101,000000 0,000000 0,000000
1004 1701448446 1,800000 -1,000000 -101,000000 0,000000 0,000000
1004 1701448447 1,400000 -1,000000 -101,000000 0,000000 0,000000
1004 1701448448 1,400000 -1,000000 -101,000000 0,000000 0,000000
1004 1701448449 1,400000 -1,000000 -101,000000 0,000000 0,000000
1004 1701448450 1,400000 -1,000000 -101,000000 0,000000 0,000000
1004 1701448511 1,400000 -1,000000 1,400000 1,400000 0,000000
1004 1701448510 1,400000 -1,000000 1,400000 1,400000 0,000000
1004 1701448509 1,400000 -1,000000 1,400000 1,400000 0,000000
1004 1701448508 1,400000 -1,000000 1,400000 1,400000 0,000000
1004 1701448507 1,400000 -1,000000 1,400000 1,400000 0,000000
1004 1701448506 2,600000 -1,000000 2,600000 2,600000 0,000000
1004 1701448505 2,600000 -1,000000 2,600000 2,600000 0,000000
1004 1701448504 2,600000 -1,000000 2,600000 2,600000 0,000000
1004 1701448503 2,600000 -1,000000 2,600000 2,600000 0,000000
1004 1701448502 2,600000 -1,000000 2,600000 2,600000 0,000000
1004 1701448501 0,200000 -1,000000 0,200000 0,200000 0,000000
1004 1701448500 0,200000 -1,000000 0,200000 0,200000 0,000000
1004 1701448499 0,200000 -1,000000 0,200000 0,200000 0,000000
1004 1701448498 0,200000 -1,000000 0,200000 0,200000 0,000000
1004 1701448497 0,200000 -1,000000 0,200000 0,200000 0,000000
1004 1701448486 1,600000 -1,000000 1,600000 1,600000 0,000000
1004 1701448485 1,600000 -1,000000 1,600000 1,600000 0,000000
1004 1701448484 1,600000 -1,000000 1,600000 1,600000 0,000000
1004 1701448483 1,600000 -1,000000 1,600000 1,600000 0,000000
1004 1701448482 1,600000 -1,000000 1,600000 1,600000 0,000000
1004 1701448481 2,800000 -1,000000 2,800000 2,800000 0,000000
1004 1701448480 2,800000 -1,000000 2,800000 2,800000 0,000000
1004 1701448479 2,800000 -1,000000 2,800000 2,800000 0,000000
1004 1701448478 2,800000 -1,000000 2,800000 2,800000 0,000000
1004 1701448477 2,800000 -1,000000 2,800000 2,800000 0,000000
1004 1701448466 3,200000 -1,000000 3,200000 3,200000 0,000000
1004 1701448465 3,200000 -1,000000 3,200000 3,200000 0,000000
1004 1701448464 3,200000 -1,000000 3,200000 3,200000 0,000000
1004 1701448463 3,200000 -1,000000 3,200000 3,200000 0,000000
1004 1701448462 3,200000 -1,000000 3,200000 3,200000 0,000000
1004 1701448461 1,400000 -1,000000 1,400000 1,400000 0,000000
1004 1701448460 1,400000 -1,000000 1,400000 1,400000 0,000000
1004 1701448459 1,400000 -1,000000 1,400000 1,400000 0,000000
1004 1701448458 1,400000 -1,000000 1,400000 1,400000 0,000000
1004 1701448457 1,400000 -1,000000 1,400000 1,400000 0,000000
1004 1701448456 1,600000 -1,000000 1,600000 1,600000 0,000000
1004 1701448455 1,600000 -1,000000 1,600000 1,600000 0,000000
1004 1701448454 1,600000 -1,000000 1,600000 1,600000 0,000000
1004 1701448453 1,600000 -1,000000 1,600000 1,600000 0,000000
1004 1701448452 1,600000 -1,000000 1,600000 1,600000 0,000000
1004 1701448451 1,400000 -1,000000 1,400000 1,400000 0,000000
1004 1701448451 1,400000 -1,000000 -101,000000 0,000000 0,000000
1004 1701448452 1,600000 -1,000000 -101,000000 0,000000 0,000000
1004 1701448453 1,600000 -1,000000 -101,000000 0,000000 0,000000
1004 1701448454 1,600000 -1,000000 -101,000000 0,000000 0,000000
1004 1701448455 1,600000 -1,000000 -101,000000 0,000000 0,000000
1004 1701448456 1,600000 -1,000000 -101,000000 0,000000 0,000000
1004 1701448457 1,400000 -1,000000 -101,000000 0,000000 0,000000
1004 1701448458 1,400000 -1,000000 -101,000000 0,000000 0,000000
1004 1701448459 1,400000 -1,000000 -101,000000 0,000000 0,000000
1004 1701448460 1,400000 -1,000000 -101,000000 0,000000 0,000000
1004 1701448461 1,400000 -1,000000 -101,000000 0,000000 0,000000
1004 1701448462 3,200000 -1,000000 -101,000000 0,000000 0,000000
1004 1701448463 3,200000 -1,000000 -101,000000 0,000000 0,000000
1004 1701448464 3,200000 -1,000000 -101,000000 0,000000 0,000000
1004 1701448465 3,200000 -1,000000 -101,000000 0,000000 0,000000
1004 1701448466 3,200000 -1,000000 -101,000000 0,000000 0,000000
1004 1701448477 2,800000 -1,000000 -101,000000 0,000000 0,000000
1004 1701448478 2,800000 -1,000000 -101,000000 0,000000 0,000000
1004 1701448479 2,800000 -1,000000 -101,000000 0,000000 0,000000
1004 1701448480 2,800000 -1,000000 -101,000000 0,000000 0,000000
1004 1701448481 2,800000 -1,000000 -101,000000 0,000000 0,000000
1004 1701448482 1,600000 -1,000000 -101,000000 0,000000 0,000000
1004 1701448483 1,600000 -1,000000 -101,000000 0,000000 0,000000
1004 1701448484 1,600000 -1,000000 -101,000000 0,000000 0,000000
1004 1701448485 1,600000 -1,000000 -101,000000 0,000000 0,000000
1004 1701448486 1,600000 -1,000000 -101,000000 0,000000 0,000000
1004 1701448497 0,200000 -1,000000 -101,000000 0,000000 0,000000
1004 1701448498 0,200000 -1,000000 -101,000000 0,000000 0,000000
1004 1701448499 0,200000 -1,000000 -101,000000 0,000000 0,000000
1004 1701448500 0,200000 -1,000000 -101,000000 0,000000 0,000000
1004 1701448501 0,200000 -1,000000 -101,000000 0,000000 0,000000
1004 1701448502 2,600000 -1,000000 -101,000000 0,000000 0,000000
1004 1701448503 2,600000 -1,000000 -101,000000 0,000000 0,000000
1004 1701448504 2,600000 -1,000000 -101,000000 0,000000 0,000000
1004 1701448505 2,600000 -1,000000 -101,000000 0,000000 0,000000
1004 1701448506 2,600000 -1,000000 -101,000000 0,000000 0,000000
1004 1701448507 1,400000 -1,000000 -101,000000 0,000000 0,000000
1004 1701448508 1,400000 -1,000000 -101,000000 0,000000 0,000000
1004 1701448509 1,400000 -1,000000 -101,000000 0,000000 0,000000
1004 1701448510 1,400000 -1,000000 -101,000000 0,000000 0,000000
1004 1701448511 1,400000 -1,000000 -101,000000 0,000000 0,000000
1004 1701448517 0,400000 -1,000000 -101,000000 0,000000 0,000000
1004 1701448518 0,400000 -1,000000 -101,000000 0,000000 0,000000
1004 1701448519 0,400000 -1,000000 -101,000000 0,000000 0,000000
1004 1701448520 0,400000 -1,000000 -101,000000 0,000000 0,000000
1004 1701448521 0,400000 -1,000000 -101,000000 0,000000 0,000000
1004 1701448522 4,400000 -1,000000 -101,000000 0,000000 0,000000
1004 1701448523 4,400000 -1,000000 -101,000000 0,000000 0,000000
1004 1701448524 4,400000 -1,000000 -101,000000 0,000000 0,000000
1004 1701448525 4,400000 -1,000000 -101,000000 0,000000 0,000000
1004 1701448526 4,400000 -1,000000 -101,000000 0,000000 0,000000
1004 1701448537 3,200000 -1,000000 -101,000000 0,000000 0,000000
1004 1701448538 3,200000 -1,000000 -101,000000 0,000000 0,000000
1004 1701448539 3,200000 -1,000000 -101,000000 0,000000 0,000000
1004 1701448540 3,200000 -1,000000 -101,000000 0,000000 0,000000
1004 1701448541 3,200000 -1,000000 -101,000000 0,000000 0,000000
1004 1701448552 1,600000 -1,000000 -101,000000 0,000000 0,000000
1004 1701448553 1,600000 -1,000000 -101,000000 0,000000 0,000000
1004 1701448554 1,600000 -1,000000 -101,000000 0,000000 0,000000
1004 1701448555 1,600000 -1,000000 -101,000000 0,000000 0,000000
1004 1701448556 1,600000 -1,000000 -101,000000 0,000000 0,000000
1004 1701448557 1,600000 -1,000000 -101,000000 0,000000 0,000000
1004 1701448558 1,600000 -1,000000 -101,000000 0,000000 0,000000
1004 1701448559 1,600000 -1,000000 -101,000000 0,000000 0,000000
1004 1701448560 1,600000 -1,000000 -101,000000 0,000000 0,000000
1004 1701448561 1,600000 -1,000000 -101,000000 0,000000 0,000000
1004 1701448562 1,600000 -1,000000 -101,000000 0,000000 0,000000
1004 1701448625 2,250000 -1,000000 2,250000 2,250000 0,000000
1004 1701448624 2,250000 -1,000000 2,250000 2,250000 0,000000
1004 1701448623 2,250000 -1,000000 2,250000 2,250000 0,000000
1004 1701448622 2,250000 -1,000000 2,250000 2,250000 0,000000
1004 1701448621 2,000000 -1,000000 2,000000 2,000000 0,000000
1004 1701448620 2,000000 -1,000000 2,000000 2,000000 0,000000
1004 1701448619 2,000000 -1,000000 2,000000 2,000000 0,000000
1004 1701448618 2,000000 -1,000000 2,000000 2,000000 0,000000
1004 1701448617 2,000000 -1,000000 2,000000 2,000000 0,000000
1004 1701448616 3,200000 -1,000000 3,200000 3,200000 0,000000
1004 1701448615 3,200000 -1,000000 3,200000 3,200000 0,000000
1004 1701448614 3,200000 -1,000000 3,200000 3,200000 0,000000
1004 1701448613 3,200000 -1,000000 3,200000 3,200000 0,000000
1004 1701448612 3,200000 -1,000000 3,200000 3,200000 0,000000
1004 1701448601 3,200000 -1,000000 3,200000 3,200000 0,000000
1004 1701448600 3,200000 -1,000000 3,200000 3,200000 0,000000
1004 1701448599 3,200000 -1,000000 3,200000 3,200000 0,000000
1004 1701448598 3,200000 -1,000000 3,200000 3,200000 0,000000
1004 1701448597 3,200000 -1,000000 3,200000 3,200000 0,000000
1004 1701448596 3,400000 -1,000000 3,400000 3,400000 0,000000
1004 1701448595 3,400000 -1,000000 3,400000 3,400000 0,000000
1004 1701448594 3,400000 -1,000000 3,400000 3,400000 0,000000
1004 1701448593 3,400000 -1,000000 3,400000 3,400000 0,000000
1004 1701448592 3,400000 -1,000000 3,400000 3,400000 0,000000
1004 1701448586 2,000000 -1,000000 2,000000 2,000000 0,000000
1004 1701448585 2,000000 -1,000000 2,000000 2,000000 0,000000
1004 1701448584 2,000000 -1,000000 2,000000 2,000000 0,000000
1004 1701448583 2,000000 -1,000000 2,000000 2,000000 0,000000
1004 1701448582 2,000000 -1,000000 2,000000 2,000000 0,000000
1004 1701448576 1,200000 -1,000000 1,200000 1,200000 0,000000
1004 1701448575 1,200000 -1,000000 1,200000 1,200000 0,000000
1004 1701448574 1,200000 -1,000000 1,200000 1,200000 0,000000
1004 1701448573 1,200000 -1,000000 1,200000 1,200000 0,000000
1004 1701448572 1,200000 -1,000000 1,200000 1,200000 0,000000
1004 1701448566 1,600000 -1,000000 1,600000 1,600000 0,000000
1004 1701448565 1,600000 -1,000000 1,600000 1,600000 0,000000
1004 1701448564 1,600000 -1,000000 1,600000 1,600000 0,000000
1004 1701448563 1,600000 -1,000000 1,600000 1,600000 0,000000
