1045 1701447317 0,000000 0,200000 6,000000 6,000000 0,000000
1045 1701447318 12,000000 0,200000 2,400000 2,400000 -20,200000
1045 1701447319 6,000000 0,200000 3,600000 3,600000 -20,200000
1045 1701447320 6,000000 0,200000 4,800000 4,800000 -20,200000
1045 1701447321 6,000000 0,200000 6,000000 6,000000 -20,200000
1045 1701447322 3,000000 0,400000 7,200000 7,200000 -20,200000
1045 1701447323 3,000000 0,400000 8,400000 8,400000 -20,200000
1045 1701447324 3,000000 0,400000 9,600000 9,600000 -20,200000
1045 1701447325 3,000000 0,400000 10,800000 10,800000 -20,200000
1045 1701447326 3,000000 0,400000 12,000000 12,000000 -20,200000
1045 1701447327 2,000000 0,600000 13,200000 13,200000 -20,200000
1045 1701447328 2,000000 0,600000 14,400000 14,400000 -20,200000
1045 1701447329 2,000000 0,600000 15,600000 15,600000 -20,200000
1045 1701447330 2,000000 0,600000 16,800000 16,800000 -20,200000
1045 1701447331 2,000000 0,600000 18,000000 18,000000 -20,200000
1045 1701447332 1,500000 0,800000 19,200000 19,200000 -20,200000
1045 1701447333 1,500000 0,800000 20,400000 20,400000 -20,200000
1045 1701447334 1,500000 0,800000 21,600000 21,600000 -20,200000
1045 1701447335 1,500000 0,800000 22,800000 22,800000 -20,200000
1045 1701447336 1,500000 0,800000 24,000000 24,000000 -20,200000
1045 1701447337 1,200000 1,000000 25,200000 25,200000 -20,200000
1045 1701447338 1,200000 1,000000 26,400000 26,400000 -20,200000
1045 1701447339 1,200000 1,000000 27,600000 27,600000 -20,200000
1045 1701447340 1,200000 1,000000 28,800000 28,800000 -20,200000
1045 1701447341 1,200000 1,000000 30,000000 30,000000 -20,200000
1045 1701447342 1,000000 1,200000 31,200000 31,200000 -20,200000
1045 1701447343 1,000000 1,200000 32,400000 32,400000 -20,200000
1045 1701447344 1,000000 1,200000 33,600000 33,600000 -20,200000
1045 1701447345 1,000000 1,200000 34,800000 34,800000 -20,200000
1045 1701447346 1,000000 1,200000 36,000000 36,000000 -20,200000
1045 1701447347 0,857143 1,400000 37,200000 37,200000 -20,200000
1045 1701447348 0,857143 1,400000 38,400000 38,400000 -20,200000
1045 1701447349 0,857143 1,400000 39,600000 39,600000 -20,200000
1045 1701447350 0,857143 1,400000 40,800000 40,800000 -20,200000
1045 1701447351 0,857143 1,400000 42,000000 42,000000 -20,200000
1045 1701447352 0,750000 1,600000 43,200000 43,200000 -20,200000
1045 1701447353 0,750000 1,600000 44,400000 44,400000 -20,200000
1045 1701447354 0,750000 1,600000 45,600000 45,600000 -20,200000
1045 1701447355 0,750000 1,600000 46,800000 46,800000 -20,200000
1045 1701447356 0,750000 1,600000 48,000000 48,000000 -20,200000
1045 1701447357 0,666667 1,800000 49,200000 49,200000 -20,200000
1045 1701447358 0,666667 1,800000 50,400000 50,400000 -20,200000
1045 1701447359 0,666667 1,800000 51,600000 51,600000 -20,200000
1045 1701447360 0,666667 1,800000 52,800000 52,800000 -20,200000
1045 1701447361 0,666667 1,800000 54,000000 54,000000 -20,200000
1045 1701447362 0,600000 2,000000 55,200000 55,200000 -20,200000
1045 1701447363 0,600000 2,000000 56,400000 56,400000 -20,200000
1045 1701447364 0,600000 2,000000 57,600000 57,600000 -20,200000
1045 1701447365 0,600000 2,000000 58,800000 58,800000 -20,200000
1045 1701447366 0,600000 2,000000 60,000000 60,000000 -20,200000
1045 1701447367 0,000000 2,000000 60,000000 60,000000 -20,200000
1045 1701447368 0,000000 2,000000 60,000000 60,000000 -20,200000
1045 1701447369 0,000000 2,000000 60,000000 60,000000 -20,200000
1045 1701447370 0,000000 2,000000 60,000000 60,000000 -20,200000
1045 1701447371 0,000000 2,000000 60,000000 60,000000 -20,200000
1045 1701447372 0,000000 2,000000 60,000000 60,000000 -20,200000
1045 1701447373 0,000000 2,000000 60,000000 60,000000 -20,200000
1045 1701447374 0,000000 2,000000 60,000000 60,000000 -20,200000
1045 1701447375 0,000000 2,000000 60,000000 60,000000 -20,200000
1045 1701447376 0,000000 2,000000 60,000000 60,000000 -20,200000
1045 1701447377 0,000000 2,200000 60,000000 60,000000 -20,200000
1045 1701447378 0,000000 2,200000 60,000000 60,000000 -20,200000
1045 1701447379 0,000000 2,200000 60,000000 60,000000 -20,200000
1045 1701447380 0,000000 2,200000 60,000000 60,000000 -20,200000
1045 1701447381 0,000000 2,200000 60,000000 60,000000 -20,200000
1045 1701447382 0,000000 2,200000 60,000000 60,000000 -20,200000
1045 1701447383 0,000000 2,200000 60,000000 60,000000 -20,200000
1045 1701447384 0,000000 2,200000 60,000000 60,000000 -20,200000
1045 1701447385 0,000000 2,200000 60,000000 60,000000 -20,200000
1045 1701447386 0,000000 2,200000 60,000000 60,000000 -20,200000
1045 1701447387 0,000000 2,400000 60,000000 60,000000 -20,200000
1045 1701447388 0,000000 2,400000 60,000000 60,000000 -20,200000
1045 1701447389 0,000000 2,400000 60,000000 60,000000 -20,200000
1045 1701447390 0,000000 2,400000 60,000000 60,000000 -20,200000
1045 1701447391 0,000000 2,400000 60,000000 60,000000 -20,200000
1045 1701447392 0,000000 2,600000 60,000000 60,000000 -20,200000
1045 1701447393 0,000000 2,600000 60,000000 60,000000 -20,200000
1045 1701447394 0,000000 2,600000 60,000000 60,000000 -20,200000
1045 1701447395 0,000000 2,600000 60,000000 60,000000 -20,200000
1045 1701447396 0,000000 2,600000 60,000000 60,000000 -20,200000
1045 1701447397 0,000000 2,800000 60,000000 60,000000 -20,200000
1045 1701447398 0,000000 2,800000 60,000000 60,000000 -20,200000
1045 1701447399 0,000000 2,800000 60,000000 60,000000 -20,200000
1045 1701447400 0,000000 2,800000 60,000000 60,000000 -20,200000
1045 1701447401 0,000000 2,800000 60,000000 60,000000 -20,200000
1045 1701447402 0,000000 3,000000 60,000000 60,000000 -20,200000
1045 1701447403 0,000000 3,000000 60,000000 60,000000 -20,200000
1045 1701447404 0,000000 3,000000 60,000000 60,000000 -20,200000
1045 1701447405 0,000000 3,000000 60,000000 60,000000 -20,200000
1045 1701447406 0,000000 3,000000 60,000000 60,000000 -20,200000
1045 1701447407 0,000000 3,000000 60,000000 60,000000 -20,200000
1045 1701447408 0,000000 3,000000 60,000000 60,000000 -20,200000
1045 1701447409 0,000000 3,000000 60,000000 60,000000 -20,200000
1045 1701447410 0,000000 3,000000 60,000000 60,000000 -20,200000
1045 1701447411 0,000000 3,000000 60,000000 60,000000 -20,200000
1045 1701447412 0,000000 3,000000 60,000000 60,000000 -20,200000
1045 1701447413 0,000000 3,000000 60,000000 60,000000 -20,200000
1045 1701447414 0,000000 3,000000 60,000000 60,000000 -20,200000
1045 1701447415 0,000000 3,000000 60,000000 60,000000 -20,200000
1045 1701447416 0,000000 3,000000 60,000000 60,000000 -20,200000
1045 1701447417 0,000000 3,200000 60,000000 60,000000 -20,200000
1045 1701447418 0,000000 3,200000 60,000000 60,000000 -20,200000
1045 1701447419 0,000000 3,200000 60,000000 60,000000 -20,200000
1045 1701447420 0,000000 3,200000 60,000000 60,000000 -20,200000
1045 1701447421 0,000000 3,200000 60,000000 60,000000 -20,200000
1045 1701447422 0,000000 3,600000 60,000000 60,000000 -20,200000
1045 1701447423 0,000000 3,600000 60,000000 60,000000 -20,200000
1045 1701447424 0,000000 3,600000 60,000000 60,000000 -20,200000
1045 1701447425 0,000000 3,600000 60,000000 60,000000 -20,200000
1045 1701447426 0,000000 3,600000 60,000000 60,000000 -20,200000
1045 1701447427 0,000000 3,800000 60,000000 60,000000 -20,200000
1045 1701447428 0,000000 3,800000 60,000000 60,000000 -20,200000
1045 1701447429 0,000000 3,800000 60,000000 60,000000 -20,200000
1045 1701447430 0,000000 3,800000 60,000000 60,000000 -20,200000
1045 1701447431 0,000000 3,800000 60,000000 60,000000 -20,200000
1045 1701447432 0,000000 4,000000 60,000000 60,000000 -20,200000
1045 1701447433 0,000000 4,000000 60,000000 60,000000 -20,200000
1045 1701447434 0,000000 4,000000 60,000000 60,000000 -20,200000
1045 1701447435 0,000000 4,000000 60,000000 60,000000 -20,200000
1045 1701447436 0,000000 4,000000 60,000000 60,000000 -20,200000
1045 1701447437 0,000000 4,200000 60,000000 60,000000 -20,200000
1045 1701447438 0,000000 4,200000 60,000000 60,000000 -20,200000
1045 1701447439 0,000000 4,200000 60,000000 60,000000 -20,200000
1045 1701447440 0,000000 4,200000 60,000000 60,000000 -20,200000
1045 1701447441 0,000000 4,200000 60,000000 60,000000 -20,200000
1045 1701447442 0,000000 4,200000 60,000000 60,000000 -20,200000
1045 1701447443 0,000000 4,200000 60,000000 60,000000 -20,200000
1045 1701447444 0,000000 4,200000 60,000000 60,000000 -20,200000
1045 1701447445 0,000000 4,200000 60,000000 60,000000 -20,200000
1045 1701447446 0,000000 4,200000 60,000000 60,000000 -20,200000
1045 1701447447 0,000000 4,200000 60,000000 60,000000 -20,200000
1045 1701447448 0,000000 4,200000 60,000000 60,000000 -20,200000
1045 1701447449 0,000000 4,200000 60,000000 60,000000 -20,200000
1045 1701447450 0,000000 4,200000 60,000000 60,000000 -20,200000
1045 1701447451 0,000000 4,200000 60,000000 60,000000 -20,200000
1045 1701447452 0,000000 4,400000 60,000000 60,000000 -20,200000
1045 1701447453 0,000000 4,400000 60,000000 60,000000 -20,200000
1045 1701447454 0,000000 4,400000 60,000000 60,000000 -20,200000
1045 1701447455 0,000000 4,400000 60,000000 60,000000 -20,200000
1045 1701447456 0,000000 4,400000 60,000000 60,000000 -20,200000
1045 1701447457 0,000000 4,600000 60,000000 60,000000 -20,200000
1045 1701447458 0,000000 4,600000 60,000000 60,000000 -20,200000
1045 1701447459 0,000000 4,600000 60,000000 60,000000 -20,200000
1045 1701447460 0,000000 4,600000 60,000000 60,000000 -20,200000
1045 1701447461 0,000000 4,600000 60,000000 60,000000 -20,200000
1045 1701447462 0,000000 4,800000 60,000000 60,000000 -20,200000
1045 1701447463 0,000000 4,800000 60,000000 60,000000 -20,200000
1045 1701447464 0,000000 4,800000 60,000000 60,000000 -20,200000
1045 1701447465 0,000000 4,800000 60,000000 60,000000 -20,200000
1045 1701447466 0,000000 4,800000 60,000000 60,000000 -20,200000
1045 1701447467 0,000000 4,800000 60,000000 60,000000 -20,200000
1045 1701447468 0,000000 4,800000 60,000000 60,000000 -20,200000
1045 1701447469 0,000000 4,800000 60,000000 60,000000 -20,200000
1045 1701447470 0,000000 4,800000 60,000000 60,000000 -20,200000
1045 1701447471 0,000000 4,800000 60,000000 60,000000 -20,200000
1045 1701447472 0,000000 4,800000 60,000000 60,000000 -20,200000
1045 1701447473 0,000000 4,800000 60,000000 60,000000 -20,200000
1045 1701447474 0,000000 4,800000 60,000000 60,000000 -20,200000
1045 1701447475 0,000000 4,800000 60,000000 60,000000 -20,200000
1045 1701447476 0,000000 4,800000 60,000000 60,000000 -20,200000
1045 1701447477 0,000000 5,200000 60,000000 60,000000 -20,200000
1045 1701447478 0,000000 5,200000 60,000000 60,000000 -20,200000
1045 1701447479 0,000000 5,200000 60,000000 60,000000 -20,200000
1045 1701447480 0,000000 5,200000 60,000000 60,000000 -20,200000
1045 1701447481 0,000000 5,200000 60,000000 60,000000 -20,200000
1045 1701447482 0,000000 5,200000 60,000000 60,000000 -20,200000
1045 1701447483 0,000000 5,200000 60,000000 60,000000 -20,200000
1045 1701447484 0,000000 5,200000 60,000000 60,000000 -20,200000
1045 1701447485 0,000000 5,200000 60,000000 60,000000 -20,200000
1045 1701447486 0,000000 5,200000 60,000000 60,000000 -20,200000
1045 1701447487 0,000000 5,400000 60,000000 60,000000 -20,200000
1045 1701447488 0,000000 5,400000 60,000000 60,000000 -20,200000
1045 1701447489 0,000000 5,400000 60,000000 60,000000 -20,200000
1045 1701447490 0,000000 5,400000 60,000000 60,000000 -20,200000
1045 1701447491 0,000000 5,400000 60,000000 60,000000 -20,200000
1045 1701447492 0,000000 5,800000 60,000000 60,000000 -20,200000
1045 1701447493 0,000000 5,800000 60,000000 60,000000 -20,200000
1045 1701447494 0,000000 5,800000 60,000000 60,000000 -20,200000
1045 1701447495 0,000000 5,800000 60,000000 60,000000 -20,200000
1045 1701447496 0,000000 5,800000 60,000000 60,000000 -20,200000
1045 1701447497 0,000000 6,000000 60,000000 60,000000 -20,200000
1045 1701447498 0,000000 6,000000 60,000000 60,000000 -20,200000
1045 1701447499 0,000000 6,000000 60,000000 60,000000 -20,200000
1045 1701447500 0,000000 6,000000 60,000000 60,000000 -20,200000
1045 1701447501 0,000000 6,000000 60,000000 60,000000 -20,200000
1045 1701447502 0,000000 6,000000 60,000000 60,000000 -20,200000
1045 1701447503 0,000000 6,000000 60,000000 60,000000 -20,200000
1045 1701447504 0,000000 6,000000 60,000000 60,000000 -20,200000
1045 1701447505 0,000000 6,000000 60,000000 60,000000 -20,200000
1045 1701447506 0,000000 6,000000 60,000000 60,000000 -20,200000
1045 1701447507 0,000000 6,000000 60,000000 60,000000 -20,200000
1045 1701447508 0,000000 6,000000 60,000000 60,000000 -20,200000
1045 1701447509 0,000000 6,000000 60,000000 60,000000 -20,200000
1045 1701447510 0,000000 6,000000 60,000000 60,000000 -20,200000
1045 1701447511 0,000000 6,000000 60,000000 60,000000 -20,200000
1045 1701447512 0,000000 6,000000 60,000000 60,000000 -20,200000
1045 1701447513 0,000000 6,000000 60,000000 60,000000 -20,200000
1045 1701447514 0,000000 6,000000 60,000000 60,000000 -20,200000
1045 1701447515 0,000000 6,000000 60,000000 60,000000 -20,200000
1045 1701447516 0,000000 6,000000 60,000000 60,000000 -20,200000
1045 1701447517 0,000000 6,200000 60,000000 60,000000 -20,200000
1045 1701447518 0,000000 6,200000 60,000000 60,000000 -20,200000
1045 1701447519 0,000000 6,200000 60,000000 60,000000 -20,200000
1045 1701447520 0,000000 6,200000 60,000000 60,000000 -20,200000
1045 1701447521 0,000000 6,200000 60,000000 60,000000 -20,200000
1045 1701447522 0,000000 6,400000 60,000000 60,000000 -20,200000
1045 1701447523 0,000000 6,400000 60,000000 60,000000 -20,200000
1045 1701447524 0,000000 6,400000 60,000000 60,000000 -20,200000
1045 1701447525 0,000000 6,400000 60,000000 60,000000 -20,200000
1045 1701447526 0,000000 6,400000 60,000000 60,000000 -20,200000
1045 1701447527 0,000000 6,400000 60,000000 60,000000 -20,200000
1045 1701447528 0,000000 6,400000 60,000000 60,000000 -20,200000
1045 1701447529 0,000000 6,400000 60,000000 60,000000 -20,200000
1045 1701447530 0,000000 6,400000 60,000000 60,000000 -20,200000
1045 1701447531 0,000000 6,400000 60,000000 60,000000 -20,200000
1045 1701447532 0,000000 6,600000 60,000000 60,000000 -20,200000
1045 1701447533 0,000000 6,600000 60,000000 60,000000 -20,200000
1045 1701447534 0,000000 6,600000 60,000000 60,000000 -20,200000
1045 1701447535 0,000000 6,600000 60,000000 60,000000 -20,200000
1045 1701447536 0,000000 6,600000 60,000000 60,000000 -20,200000
1045 1701447537 0,000000 6,800000 60,000000 60,000000 -20,200000
1045 1701447538 0,000000 6,800000 60,000000 60,000000 -20,200000
1045 1701447539 0,000000 6,800000 60,000000 60,000000 -20,200000
1045 1701447540 0,000000 6,800000 60,000000 60,000000 -20,200000
1045 1701447541 0,000000 6,800000 60,000000 60,000000 -20,200000
1045 1701447542 0,000000 7,000000 60,000000 60,000000 -20,200000
1045 1701447543 0,000000 7,000000 60,000000 60,000000 -20,200000
1045 1701447544 0,000000 7,000000 60,000000 60,000000 -20,200000
1045 1701447545 0,000000 7,000000 60,000000 60,000000 -20,200000
1045 1701447546 0,000000 7,000000 60,000000 60,000000 -20,200000
1045 1701447547 0,000000 7,200000 60,000000 60,000000 -20,200000
1045 1701447548 0,000000 7,200000 60,000000 60,000000 -20,200000
1045 1701447549 0,000000 7,200000 60,000000 60,000000 -20,200000
1045 1701447550 0,000000 7,200000 60,000000 60,000000 -20,200000
1045 1701447551 0,000000 7,200000 60,000000 60,000000 -20,200000
1045 1701447552 0,000000 7,600000 60,000000 60,000000 -20,200000
1045 1701447553 0,000000 7,600000 60,000000 60,000000 -20,200000
1045 1701447554 0,000000 7,600000 60,000000 60,000000 -20,200000
1045 1701447555 0,000000 7,600000 60,000000 60,000000 -20,200000
1045 1701447556 0,000000 7,600000 60,000000 60,000000 -20,200000
1045 1701447557 0,000000 7,600000 60,000000 60,000000 -20,200000
1045 1701447558 0,000000 7,600000 60,000000 60,000000 -20,200000
1045 1701447559 0,000000 7,600000 60,000000 60,000000 -20,200000
1045 1701447560 0,000000 7,600000 60,000000 60,000000 -20,200000
1045 1701447561 0,000000 7,600000 60,000000 60,000000 -20,200000
1045 1701447562 0,000000 7,800000 60,000000 60,000000 -20,200000
1045 1701447563 0,000000 7,800000 60,000000 60,000000 -20,200000
1045 1701447564 0,000000 7,800000 60,000000 60,000000 -20,200000
1045 1701447565 0,000000 7,800000 60,000000 60,000000 -20,200000
1045 1701447566 0,000000 7,800000 60,000000 60,000000 -20,200000
1045 1701447567 0,000000 8,000000 60,000000 60,000000 -20,200000
1045 1701447568 0,000000 8,000000 60,000000 60,000000 -20,200000
1045 1701447569 0,000000 8,000000 60,000000 60,000000 -20,200000
1045 1701447570 0,000000 8,000000 60,000000 60,000000 -20,200000
1045 1701447571 0,000000 8,000000 60,000000 60,000000 -20,200000
1045 1701447572 0,000000 8,200000 60,000000 60,000000 -20,200000
1045 1701447573 0,000000 8,200000 60,000000 60,000000 -20,200000
1045 1701447574 0,000000 8,200000 60,000000 60,000000 -20,200000
1045 1701447575 0,000000 8,200000 60,000000 60,000000 -20,200000
1045 1701447576 0,000000 8,200000 60,000000 60,000000 -20,200000
1045 1701447577 0,000000 8,200000 60,000000 60,000000 -20,200000
1045 1701447578 0,000000 8,200000 60,000000 60,000000 -20,200000
1045 1701447579 0,000000 8,200000 60,000000 60,000000 -20,200000
1045 1701447580 0,000000 8,200000 60,000000 60,000000 -20,200000
1045 1701447581 0,000000 8,200000 60,000000 60,000000 -20,200000
1045 1701447582 0,000000 8,200000 60,000000 60,000000 -20,200000
1045 1701447583 0,000000 8,200000 60,000000 60,000000 -20,200000
1045 1701447584 0,000000 8,200000 60,000000 60,000000 -20,200000
1045 1701447585 0,000000 8,200000 60,000000 60,000000 -20,200000
1045 1701447586 0,000000 8,200000 60,000000 60,000000 -20,200000
1045 1701447587 0,000000 8,200000 60,000000 60,000000 -20,200000
1045 1701447588 0,000000 8,200000 60,000000 60,000000 -20,200000
1045 1701447589 0,000000 8,200000 60,000000 60,000000 -20,200000
1045 1701447590 0,000000 8,200000 60,000000 60,000000 -20,200000
1045 1701447591 0,000000 8,200000 60,000000 60,000000 -20,200000
1045 1701447592 0,000000 8,600000 60,000000 60,000000 -20,200000
1045 1701447593 0,000000 8,600000 60,000000 60,000000 -20,200000
1045 1701447594 0,000000 8,600000 60,000000 60,000000 -20,200000
1045 1701447595 0,000000 8,600000 60,000000 60,000000 -20,200000
1045 1701447596 0,000000 8,600000 60,000000 60,000000 -20,200000
1045 1701447597 0,000000 8,600000 60,000000 60,000000 -20,200000
1045 1701447598 0,000000 8,600000 60,000000 60,000000 -20,200000
1045 1701447599 0,000000 8,600000 60,000000 60,000000 -20,200000
1045 1701447600 0,000000 8,600000 60,000000 60,000000 -20,200000
1045 1701447601 0,000000 8,600000 60,000000 60,000000 -20,200000
1045 1701447602 0,000000 8,800000 60,000000 60,000000 -20,200000
1045 1701447603 0,000000 8,800000 60,000000 60,000000 -20,200000
1045 1701447604 0,000000 8,800000 60,000000 60,000000 -20,200000
1045 1701447605 0,000000 8,800000 60,000000 60,000000 -20,200000
1045 1701447606 0,000000 8,800000 60,000000 60,000000 -20,200000
1045 1701447607 0,000000 9,000000 60,000000 60,000000 -20,200000
1045 1701447608 0,000000 9,000000 60,000000 60,000000 -20,200000
1045 1701447609 0,000000 9,000000 60,000000 60,000000 -20,200000
1045 1701447610 0,000000 9,000000 60,000000 60,000000 -20,200000
1045 1701447611 0,000000 9,000000 60,000000 60,000000 -20,200000
1045 1701447612 0,000000 9,000000 60,000000 60,000000 -20,200000
1045 1701447613 0,000000 9,000000 60,000000 60,000000 -20,200000
1045 1701447614 0,000000 9,000000 60,000000 60,000000 -20,200000
1045 1701447615 0,000000 9,000000 60,000000 60,000000 -20,200000
1045 1701447616 0,000000 9,000000 60,000000 60,000000 -20,200000
1045 1701447617 0,000000 9,200000 60,000000 60,000000 -20,200000
1045 1701447618 0,000000 9,200000 60,000000 60,000000 -20,200000
1045 1701447619 0,000000 9,200000 60,000000 60,000000 -20,200000
1045 1701447620 0,000000 9,200000 60,000000 60,000000 -20,200000
1045 1701447621 0,000000 9,200000 60,000000 60,000000 -20,200000
1045 1701447622 0,000000 9,200000 60,000000 60,000000 -20,200000
1045 1701447623 0,000000 9,200000 60,000000 60,000000 -20,200000
1045 1701447624 0,000000 9,200000 60,000000 60,000000 -20,200000
1045 1701447625 0,000000 9,200000 60,000000 60,000000 -20,200000
1045 1701447626 0,000000 9,200000 60,000000 60,000000 -20,200000
1045 1701447627 0,000000 9,400000 60,000000 60,000000 -20,200000
1045 1701447628 0,000000 9,400000 60,000000 60,000000 -20,200000
1045 1701447629 0,000000 9,400000 60,000000 60,000000 -20,200000
1045 1701447630 0,000000 9,400000 60,000000 60,000000 -20,200000
1045 1701447631 0,000000 9,400000 60,000000 60,000000 -20,200000
1045 1701447632 0,000000 9,800000 60,000000 60,000000 -20,200000
1045 1701447633 0,000000 9,800000 60,000000 60,000000 -20,200000
1045 1701447634 0,000000 9,800000 60,000000 60,000000 -20,200000
1045 1701447635 0,000000 9,800000 60,000000 60,000000 -20,200000
1045 1701447636 0,000000 9,800000 60,000000 60,000000 -20,200000
1045 1701447637 0,000000 9,800000 60,000000 60,000000 -20,200000
1045 1701447638 0,000000 9,800000 60,000000 60,000000 -20,200000
1045 1701447639 0,000000 9,800000 60,000000 60,000000 -20,200000
1045 1701447640 0,000000 9,800000 60,000000 60,000000 -20,200000
1045 1701447641 0,000000 9,800000 60,000000 60,000000 -20,200000
1045 1701447642 0,000000 10,400000 60,000000 60,000000 -20,200000
1045 1701447643 0,000000 10,400000 60,000000 60,000000 -20,200000
1045 1701447644 0,000000 10,400000 60,000000 60,000000 -20,200000
1045 1701447645 0,000000 10,400000 60,000000 60,000000 -20,200000
1045 1701447646 0,000000 10,400000 60,000000 60,000000 -20,200000
1045 1701447647 0,000000 10,400000 60,000000 60,000000 -20,200000
1045 1701447648 0,000000 10,400000 60,000000 60,000000 -20,200000
1045 1701447649 0,000000 10,400000 60,000000 60,000000 -20,200000
1045 1701447650 0,000000 10,400000 60,000000 60,000000 -20,200000
1045 1701447651 0,000000 10,400000 60,000000 60,000000 -20,200000
1045 1701447652 0,000000 10,600000 60,000000 60,000000 -20,200000
1045 1701447653 0,000000 10,600000 60,000000 60,000000 -20,200000
1045 1701447654 0,000000 10,600000 60,000000 60,000000 -20,200000
1045 1701447655 0,000000 10,600000 60,000000 60,000000 -20,200000
1045 1701447656 0,000000 10,600000 60,000000 60,000000 -20,200000
1045 1701447657 0,000000 10,600000 60,000000 60,000000 -20,200000
1045 1701447658 0,000000 10,600000 60,000000 60,000000 -20,200000
1045 1701447659 0,000000 10,600000 60,000000 60,000000 -20,200000
1045 1701447660 0,000000 10,600000 60,000000 60,000000 -20,200000
1045 1701447661 0,000000 10,600000 60,000000 60,000000 -20,200000
1045 1701447662 0,000000 10,600000 60,000000 60,000000 -20,200000
1045 1701447663 0,000000 10,600000 60,000000 60,000000 -20,200000
1045 1701447664 0,000000 10,600000 60,000000 60,000000 -20,200000
1045 1701447665 0,000000 10,600000 60,000000 60,000000 -20,200000
1045 1701447666 0,000000 10,600000 60,000000 60,000000 -20,200000
1045 1701447667 0,000000 10,800000 60,000000 60,000000 -20,200000
1045 1701447668 0,000000 10,800000 60,000000 60,000000 -20,200000
1045 1701447669 0,000000 10,800000 60,000000 60,000000 -20,200000
1045 1701447670 0,000000 10,800000 60,000000 60,000000 -20,200000
1045 1701447671 0,000000 10,800000 60,000000 60,000000 -20,200000
1045 1701447672 0,000000 11,000000 60,000000 60,000000 -20,200000
1045 1701447673 0,000000 11,000000 60,000000 60,000000 -20,200000
1045 1701447674 0,000000 11,000000 60,000000 60,000000 -20,200000
1045 1701447675 0,000000 11,000000 60,000000 60,000000 -20,200000
1045 1701447676 0,000000 11,000000 60,000000 60,000000 -20,200000
1045 1701447677 0,000000 11,000000 60,000000 60,000000 -20,200000
1045 1701447678 0,000000 11,000000 60,000000 60,000000 -20,200000
1045 1701447679 0,000000 11,000000 60,000000 60,000000 -20,200000
1045 1701447680 0,000000 11,000000 60,000000 60,000000 -20,200000
1045 1701447681 0,000000 11,000000 60,000000 60,000000 -20,200000
1045 1701447682 0,000000 11,000000 60,000000 60,000000 -20,200000
1045 1701447683 0,000000 11,000000 60,000000 60,000000 -20,200000
1045 1701447684 0,000000 11,000000 60,000000 60,000000 -20,200000
1045 1701447685 0,000000 11,000000 60,000000 60,000000 -20,200000
1045 1701447686 0,000000 11,000000 60,000000 60,000000 -20,200000
1045 1701447687 0,000000 11,200000 60,000000 60,000000 -20,200000
1045 1701447688 0,000000 11,200000 60,000000 60,000000 -20,200000
1045 1701447689 0,000000 11,200000 60,000000 60,000000 -20,200000
1045 1701447690 0,000000 11,200000 60,000000 60,000000 -20,200000
1045 1701447691 0,000000 11,200000 60,000000 60,000000 -20,200000
1045 1701447692 0,000000 11,400000 60,000000 60,000000 -20,200000
1045 1701447693 0,000000 11,400000 60,000000 60,000000 -20,200000
1045 1701447694 0,000000 11,400000 60,000000 60,000000 -20,200000
1045 1701447695 0,000000 11,400000 60,000000 60,000000 -20,200000
1045 1701447696 0,000000 11,400000 60,000000 60,000000 -20,200000
1045 1701447697 0,000000 11,600000 60,000000 60,000000 -20,200000
1045 1701447698 0,000000 11,600000 60,000000 60,000000 -20,200000
1045 1701447699 0,000000 11,600000 60,000000 60,000000 -20,200000
1045 1701447700 0,000000 11,600000 60,000000 60,000000 -20,200000
1045 1701447701 0,000000 11,600000 60,000000 60,000000 -20,200000
1045 1701447702 0,000000 11,800000 60,000000 60,000000 -20,200000
1045 1701447703 0,000000 11,800000 60,000000 60,000000 -20,200000
1045 1701447704 0,000000 11,800000 60,000000 60,000000 -20,200000
1045 1701447705 0,000000 11,800000 60,000000 60,000000 -20,200000
1045 1701447706 0,000000 11,800000 60,000000 60,000000 -20,200000
1045 1701447707 0,000000 12,000000 60,000000 60,000000 -20,200000
1045 1701447708 0,000000 12,000000 60,000000 60,000000 -20,200000
1045 1701447709 0,000000 12,000000 60,000000 60,000000 -20,200000
1045 1701447710 0,000000 12,000000 60,000000 60,000000 -20,200000
1045 1701447711 0,000000 12,000000 60,000000 60,000000 -20,200000
1045 1701447712 0,000000 12,200000 60,000000 60,000000 -20,200000
1045 1701447713 0,000000 12,200000 60,000000 60,000000 -20,200000
1045 1701447714 0,000000 12,200000 60,000000 60,000000 -20,200000
1045 1701447715 0,000000 12,200000 60,000000 60,000000 -20,200000
1045 1701447716 0,000000 12,200000 60,000000 60,000000 -20,200000
1045 1701447717 0,000000 12,400000 60,000000 60,000000 -20,200000
1045 1701447718 0,000000 12,400000 60,000000 60,000000 -20,200000
1045 1701447719 0,000000 12,400000 60,000000 60,000000 -20,200000
1045 1701447720 0,000000 12,400000 60,000000 60,000000 -20,200000
1045 1701447721 0,000000 12,400000 60,000000 60,000000 -20,200000
1045 1701447722 0,000000 12,600000 60,000000 60,000000 -20,200000
1045 1701447723 0,000000 12,600000 60,000000 60,000000 -20,200000
1045 1701447724 0,000000 12,600000 60,000000 60,000000 -20,200000
1045 1701447725 0,000000 12,600000 60,000000 60,000000 -20,200000
1045 1701447726 0,000000 12,600000 60,000000 60,000000 -20,200000
1045 1701447727 0,000000 12,600000 60,000000 60,000000 -20,200000
1045 1701447728 0,000000 12,600000 60,000000 60,000000 -20,200000
1045 1701447729 0,000000 12,600000 60,000000 60,000000 -20,200000
1045 1701447730 0,000000 12,600000 60,000000 60,000000 -20,200000
1045 1701447731 0,000000 12,600000 60,000000 60,000000 -20,200000
1045 1701447732 0,000000 12,600000 60,000000 60,000000 -20,200000
1045 1701447733 0,000000 12,600000 60,000000 60,000000 -20,200000
1045 1701447734 0,000000 12,600000 60,000000 60,000000 -20,200000
1045 1701447735 0,000000 12,600000 60,000000 60,000000 -20,200000
1045 1701447736 0,000000 12,600000 60,000000 60,000000 -20,200000
1045 1701447737 0,000000 12,800000 60,000000 60,000000 -20,200000
1045 1701447738 0,000000 12,800000 60,000000 60,000000 -20,200000
1045 1701447739 0,000000 12,800000 60,000000 60,000000 -20,200000
1045 1701447740 0,000000 12,800000 60,000000 60,000000 -20,200000
1045 1701447741 0,000000 12,800000 60,000000 60,000000 -20,200000
1045 1701447742 0,000000 13,000000 60,000000 60,000000 -20,200000
1045 1701447743 0,000000 13,000000 60,000000 60,000000 -20,200000
1045 1701447744 0,000000 13,000000 60,000000 60,000000 -20,200000
1045 1701447745 0,000000 13,000000 60,000000 60,000000 -20,200000
1045 1701447746 0,000000 13,000000 60,000000 60,000000 -20,200000
1045 1701447747 0,000000 13,400000 60,000000 60,000000 -20,200000
1045 1701447748 0,000000 13,400000 60,000000 60,000000 -20,200000
1045 1701447749 0,000000 13,400000 60,000000 60,000000 -20,200000
1045 1701447750 0,000000 13,400000 60,000000 60,000000 -20,200000
1045 1701447751 0,000000 13,400000 60,000000 60,000000 -20,200000
1045 1701447752 0,000000 13,400000 60,000000 60,000000 -20,200000
1045 1701447753 0,000000 13,400000 60,000000 60,000000 -20,200000
1045 1701447754 0,000000 13,400000 60,000000 60,000000 -20,200000
1045 1701447755 0,000000 13,400000 60,000000 60,000000 -20,200000
1045 1701447756 0,000000 13,400000 60,000000 60,000000 -20,200000
1045 1701447757 0,000000 13,400000 60,000000 60,000000 -20,200000
1045 1701447758 0,000000 13,400000 60,000000 60,000000 -20,200000
1045 1701447759 0,000000 13,400000 60,000000 60,000000 -20,200000
1045 1701447760 0,000000 13,400000 60,000000 60,000000 -20,200000
1045 1701447761 0,000000 13,400000 60,000000 60,000000 -20,200000
1045 1701447762 0,000000 13,400000 60,000000 60,000000 -20,200000
1045 1701447763 0,000000 13,400000 60,000000 60,000000 -20,200000
1045 1701447764 0,000000 13,400000 60,000000 60,000000 -20,200000
1045 1701447765 0,000000 13,400000 60,000000 60,000000 -20,200000
1045 1701447766 0,000000 13,400000 60,000000 60,000000 -20,200000
1045 1701447767 0,000000 13,600000 60,000000 60,000000 -20,200000
1045 1701447768 0,000000 13,600000 60,000000 60,000000 -20,200000
1045 1701447769 0,000000 13,600000 60,000000 60,000000 -20,200000
1045 1701447770 0,000000 13,600000 60,000000 60,000000 -20,200000
1045 1701447771 0,000000 13,600000 60,000000 60,000000 -20,200000
1045 1701447772 0,000000 13,800000 60,000000 60,000000 -20,200000
1045 1701447773 0,000000 13,800000 60,000000 60,000000 -20,200000
1045 1701447774 0,000000 13,800000 60,000000 60,000000 -20,200000
1045 1701447775 0,000000 13,800000 60,000000 60,000000 -20,200000
1045 1701447776 0,000000 13,800000 60,000000 60,000000 -20,200000
1045 1701447777 0,000000 14,000000 60,000000 60,000000 -20,200000
1045 1701447778 0,000000 14,000000 60,000000 60,000000 -20,200000
1045 1701447779 0,000000 14,000000 60,000000 60,000000 -20,200000
1045 1701447780 0,000000 14,000000 60,000000 60,000000 -20,200000
1045 1701447781 0,000000 14,000000 60,000000 60,000000 -20,200000
1045 1701447782 0,000000 14,200000 60,000000 60,000000 -20,200000
1045 1701447783 0,000000 14,200000 60,000000 60,000000 -20,200000
1045 1701447784 0,000000 14,200000 60,000000 60,000000 -20,200000
1045 1701447785 0,000000 14,200000 60,000000 60,000000 -20,200000
1045 1701447786 0,000000 14,200000 60,000000 60,000000 -20,200000
1045 1701447787 0,000000 14,200000 60,000000 60,000000 -20,200000
1045 1701447788 0,000000 14,200000 60,000000 60,000000 -20,200000
1045 1701447789 0,000000 14,200000 60,000000 60,000000 -20,200000
1045 1701447790 0,000000 14,200000 60,000000 60,000000 -20,200000
1045 1701447791 0,000000 14,200000 60,000000 60,000000 -20,200000
1045 1701447792 0,000000 14,400000 60,000000 60,000000 -20,200000
1045 1701447793 0,000000 14,400000 60,000000 60,000000 -20,200000
1045 1701447794 0,000000 14,400000 60,000000 60,000000 -20,200000
1045 1701447795 0,000000 14,400000 60,000000 60,000000 -20,200000
1045 1701447796 0,000000 14,400000 60,000000 60,000000 -20,200000
1045 1701447797 -0,013699 14,600000 59,800000 59,800000 -20,200000
1045 1701447798 -0,013699 14,600000 59,600000 59,600000 -20,200000
1045 1701447799 -0,013699 14,600000 59,400000 59,400000 -20,200000
1045 1701447800 -0,013699 14,600000 59,200000 59,200000 -20,200000
1045 1701447801 -0,013699 14,600000 59,000000 59,000000 -20,200000
1045 1701447802 0,000000 14,600000 59,000000 59,000000 -20,200000
1045 1701447803 0,000000 14,600000 59,000000 59,000000 -20,200000
1045 1701447804 0,000000 14,600000 59,000000 59,000000 -20,200000
1045 1701447805 0,000000 14,600000 59,000000 59,000000 -20,200000
1045 1701447806 0,000000 14,600000 59,000000 59,000000 -20,200000
1045 1701447807 0,000000 15,000000 59,000000 59,000000 -20,200000
1045 1701447808 0,000000 15,000000 59,000000 59,000000 -20,200000
1045 1701447809 0,000000 15,000000 59,000000 59,000000 -20,200000
1045 1701447810 0,000000 15,000000 59,000000 59,000000 -20,200000
1045 1701447811 0,000000 15,000000 59,000000 59,000000 -20,200000
1045 1701447812 0,000000 15,000000 59,000000 59,000000 -20,200000
1045 1701447813 0,000000 15,000000 59,000000 59,000000 -20,200000
1045 1701447814 0,000000 15,000000 59,000000 59,000000 -20,200000
1045 1701447815 0,000000 15,000000 59,000000 59,000000 -20,200000
1045 1701447816 0,000000 15,000000 59,000000 59,000000 -20,200000
1045 1701447817 0,000000 15,200000 59,000000 59,000000 -20,200000
1045 1701447818 0,000000 15,200000 59,000000 59,000000 -20,200000
1045 1701447819 0,000000 15,200000 59,000000 59,000000 -20,200000
1045 1701447820 0,000000 15,200000 59,000000 59,000000 -20,200000
1045 1701447821 0,000000 15,200000 59,000000 59,000000 -20,200000
1045 1701447822 0,000000 15,200000 59,000000 59,000000 -20,200000
1045 1701447823 0,000000 15,200000 59,000000 59,000000 -20,200000
1045 1701447824 0,000000 15,200000 59,000000 59,000000 -20,200000
1045 1701447825 0,000000 15,200000 59,000000 59,000000 -20,200000
1045 1701447826 0,000000 15,200000 59,000000 59,000000 -20,200000
1045 1701447827 0,000000 15,400000 59,000000 59,000000 -20,200000
1045 1701447828 0,000000 15,400000 59,000000 59,000000 -20,200000
1045 1701447829 0,000000 15,400000 59,000000 59,000000 -20,200000
1045 1701447830 0,000000 15,400000 59,000000 59,000000 -20,200000
1045 1701447831 0,000000 15,400000 59,000000 59,000000 -20,200000
1045 1701447832 0,000000 15,600000 59,000000 59,000000 -20,200000
1045 1701447833 0,000000 15,600000 59,000000 59,000000 -20,200000
1045 1701447834 0,000000 15,600000 59,000000 59,000000 -20,200000
1045 1701447835 0,000000 15,600000 59,000000 59,000000 -20,200000
1045 1701447836 0,000000 15,600000 59,000000 59,000000 -20,200000
1045 1701447837 0,000000 15,600000 59,000000 59,000000 -20,200000
1045 1701447838 0,000000 15,600000 59,000000 59,000000 -20,200000
1045 1701447839 0,000000 15,600000 59,000000 59,000000 -20,200000
1045 1701447840 0,000000 15,600000 59,000000 59,000000 -20,200000
1045 1701447841 0,000000 15,600000 59,000000 59,000000 -20,200000
1045 1701447842 0,000000 15,800000 59,000000 59,000000 -20,200000
1045 1701447843 0,000000 15,800000 59,000000 59,000000 -20,200000
1045 1701447844 0,000000 15,800000 59,000000 59,000000 -20,200000
1045 1701447845 0,000000 15,800000 59,000000 59,000000 -20,200000
1045 1701447907 0,000000 1,000000 59,000000 59,000000 10201,000000
1045 1701447906 0,000000 0,200000 59,000000 59,000000 2040,200000
1045 1701447905 0,000000 0,200000 59,000000 59,000000 2040,200000
1045 1701447904 0,000000 0,200000 59,000000 59,000000 2040,200000
1045 1701447903 0,000000 0,200000 59,000000 59,000000 2040,200000
1045 1701447902 0,000000 0,200000 59,000000 59,000000 2040,200000
1045 1701447901 0,000000 0,200000 59,000000 59,000000 2040,200000
1045 1701447900 0,000000 0,200000 59,000000 59,000000 2040,200000
1045 1701447899 0,000000 0,200000 59,000000 59,000000 2040,200000
1045 1701447898 0,000000 0,200000 59,000000 59,000000 2040,200000
1045 1701447897 0,000000 0,200000 59,000000 59,000000 2040,200000
1045 1701447896 0,000000 0,200000 59,000000 59,000000 2040,200000
1045 1701447895 0,000000 0,200000 59,000000 59,000000 2040,200000
1045 1701447894 0,000000 0,200000 59,000000 59,000000 2040,200000
1045 1701447893 0,000000 0,200000 59,000000 59,000000 2040,200000
1045 1701447892 0,000000 0,200000 59,000000 59,000000 2040,200000
1045 1701447891 0,000000 0,200000 59,000000 59,000000 2040,200000
1045 1701447890 0,000000 0,200000 59,000000 59,000000 2040,200000
1045 1701447889 0,000000 0,200000 59,000000 59,000000 2040,200000
1045 1701447888 0,000000 0,200000 59,000000 59,000000 2040,200000
1045 1701447887 0,000000 0,200000 59,000000 59,000000 2040,200000
1045 1701447886 0,000000 0,200000 59,000000 59,000000 2040,200000
1045 1701447885 0,000000 0,200000 59,000000 59,000000 2040,200000
1045 1701447884 0,000000 0,200000 59,000000 59,000000 2040,200000
1045 1701447883 0,000000 0,200000 59,000000 59,000000 2040,200000
1045 1701447882 0,000000 0,200000 59,000000 59,000000 2040,200000
1045 1701447881 0,000000 0,200000 59,000000 59,000000 2040,200000
1045 1701447880 0,000000 0,200000 59,000000 59,000000 2040,200000
1045 1701447879 0,000000 0,200000 59,000000 59,000000 2040,200000
1045 1701447878 0,000000 0,200000 59,000000 59,000000 2040,200000
1045 1701447877 0,000000 0,200000 59,000000 59,000000 2040,200000
1045 1701447876 0,000000 0,200000 59,000000 59,000000 2040,200000
1045 1701447875 0,000000 0,200000 59,000000 59,000000 2040,200000
1045 1701447874 0,000000 0,200000 59,000000 59,000000 2040,200000
1045 1701447873 0,000000 0,200000 59,000000 59,000000 2040,200000
1045 1701447872 0,000000 0,200000 59,000000 59,000000 2040,200000
1045 1701447871 0,000000 0,200000 59,000000 59,000000 2040,200000
1045 1701447870 0,000000 0,200000 59,000000 59,000000 2040,200000
1045 1701447869 0,000000 0,200000 59,000000 59,000000 2040,200000
1045 1701447868 0,000000 0,200000 59,000000 59,000000 2040,200000
1045 1701447867 0,000000 0,200000 59,000000 59,000000 2040,200000
1045 1701447866 0,000000 0,200000 59,000000 59,000000 2040,200000
1045 1701447865 0,000000 0,200000 59,000000 59,000000 2040,200000
1045 1701447864 0,000000 0,200000 59,000000 59,000000 2040,200000
1045 1701447863 0,000000 0,200000 59,000000 59,000000 2040,200000
1045 1701447862 0,000000 0,200000 59,000000 59,000000 2040,200000
1045 1701447861 0,000000 0,200000 59,000000 59,000000 2040,200000
1045 1701447860 0,000000 0,200000 59,000000 59,000000 2040,200000
1045 1701447859 0,000000 0,200000 59,000000 59,000000 2040,200000
1045 1701447858 0,000000 0,200000 59,000000 59,000000 2040,200000
1045 1701447857 0,000000 0,200000 59,000000 59,000000 2040,200000
1045 1701447856 0,000000 0,200000 59,000000 59,000000 2040,200000
1045 1701447855 0,000000 0,200000 59,000000 59,000000 2040,200000
1045 1701447854 0,000000 0,200000 59,000000 59,000000 2040,200000
1045 1701447853 0,000000 0,200000 59,000000 59,000000 2040,200000
1045 1701447852 0,000000 0,200000 59,000000 59,000000 2040,200000
1045 1701447851 0,000000 0,200000 59,000000 59,000000 2040,200000
1045 1701447850 0,000000 0,200000 59,000000 59,000000 2040,200000
1045 1701447849 0,000000 0,200000 59,000000 59,000000 2040,200000
1045 1701447848 0,000000 0,200000 59,000000 59,000000 2040,200000
1045 1701447847 0,000000 0,200000 59,000000 59,000000 2040,200000
1045 1701447846 0,000000 0,200000 59,000000 59,000000 2040,200000
1045 1701447846 0,000000 15,800000 59,000000 59,000000 -20,200000
1045 1701447847 0,000000 16,400000 59,000000 59,000000 -20,200000
1045 1701447848 0,000000 16,400000 59,000000 59,000000 -20,200000
1045 1701447849 0,000000 16,400000 59,000000 59,000000 -20,200000
1045 1701447850 0,000000 16,400000 59,000000 59,000000 -20,200000
1045 1701447851 0,000000 16,400000 59,000000 59,000000 -20,200000
1045 1701447852 0,000000 16,400000 59,000000 59,000000 -20,200000
1045 1701447853 0,000000 16,400000 59,000000 59,000000 -20,200000
1045 1701447854 0,000000 16,400000 59,000000 59,000000 -20,200000
1045 1701447855 0,000000 16,400000 59,000000 59,000000 -20,200000
1045 1701447856 0,000000 16,400000 59,000000 59,000000 -20,200000
1045 1701447857 0,000000 16,400000 59,000000 59,000000 -20,200000
1045 1701447858 0,000000 16,400000 59,000000 59,000000 -20,200000
1045 1701447859 0,000000 16,400000 59,000000 59,000000 -20,200000
1045 1701447860 0,000000 16,400000 59,000000 59,000000 -20,200000
1045 1701447861 0,000000 16,400000 59,000000 59,000000 -20,200000
1045 1701447862 0,000000 16,600000 59,000000 59,000000 -20,200000
1045 1701447863 0,000000 16,600000 59,000000 59,000000 -20,200000
1045 1701447864 0,000000 16,600000 59,000000 59,000000 -20,200000
1045 1701447865 0,000000 16,600000 59,000000 59,000000 -20,200000
1045 1701447866 0,000000 16,600000 59,000000 59,000000 -20,200000
1045 1701447867 0,000000 16,800000 59,000000 59,000000 -20,200000
1045 1701447868 0,000000 16,800000 59,000000 59,000000 -20,200000
1045 1701447869 0,000000 16,800000 59,000000 59,000000 -20,200000
1045 1701447870 0,000000 16,800000 59,000000 59,000000 -20,200000
1045 1701447871 0,000000 16,800000 59,000000 59,000000 -20,200000
1045 1701447872 0,000000 16,800000 59,000000 59,000000 -20,200000
1045 1701447873 0,000000 16,800000 59,000000 59,000000 -20,200000
1045 1701447874 0,000000 16,800000 59,000000 59,000000 -20,200000
1045 1701447875 0,000000 16,800000 59,000000 59,000000 -20,200000
1045 1701447876 0,000000 16,800000 59,000000 59,000000 -20,200000
1045 1701447877 0,000000 16,800000 59,000000 59,000000 -20,200000
1045 1701447878 0,000000 16,800000 59,000000 59,000000 -20,200000
1045 1701447879 0,000000 16,800000 59,000000 59,000000 -20,200000
1045 1701447880 0,000000 16,800000 59,000000 59,000000 -20,200000
1045 1701447881 0,000000 16,800000 59,000000 59,000000 -20,200000
1045 1701447882 0,000000 17,000000 59,000000 59,000000 -20,200000
1045 1701447883 0,000000 17,000000 59,000000 59,000000 -20,200000
1045 1701447884 0,000000 17,000000 59,000000 59,000000 -20,200000
1045 1701447885 0,000000 17,000000 59,000000 59,000000 -20,200000
1045 1701447886 0,000000 17,000000 59,000000 59,000000 -20,200000
1045 1701447887 0,000000 17,200000 59,000000 59,000000 -20,200000
1045 1701447888 0,000000 17,200000 59,000000 59,000000 -20,200000
1045 1701447889 0,000000 17,200000 59,000000 59,000000 -20,200000
1045 1701447890 0,000000 17,200000 59,000000 59,000000 -20,200000
1045 1701447891 0,000000 17,200000 59,000000 59,000000 -20,200000
1045 1701447892 0,000000 17,200000 59,000000 59,000000 -20,200000
1045 1701447893 0,000000 17,200000 59,000000 59,000000 -20,200000
1045 1701447894 0,000000 17,200000 59,000000 59,000000 -20,200000
1045 1701447895 0,000000 17,200000 59,000000 59,000000 -20,200000
1045 1701447896 0,000000 17,200000 59,000000 59,000000 -20,200000
1045 1701447897 0,000000 17,600000 59,000000 59,000000 -20,200000
1045 1701447898 0,000000 17,600000 59,000000 59,000000 -20,200000
1045 1701447899 0,000000 17,600000 59,000000 59,000000 -20,200000
1045 1701447900 0,000000 17,600000 59,000000 59,000000 -20,200000
1045 1701447901 0,000000 17,600000 59,000000 59,000000 -20,200000
1045 1701447902 0,000000 17,800000 59,000000 59,000000 -20,200000
1045 1701447903 0,000000 17,800000 59,000000 59,000000 -20,200000
1045 1701447904 0,000000 17,800000 59,000000 59,000000 -20,200000
1045 1701447905 0,000000 17,800000 59,000000 59,000000 -20,200000
1045 1701447906 0,000000 17,800000 59,000000 59,000000 -20,200000
1045 1701447907 0,000000 17,800000 59,000000 59,000000 -20,200000
1045 1701447908 0,000000 17,800000 59,000000 59,000000 -20,200000
1045 1701447909 0,000000 17,800000 59,000000 59,000000 -20,200000
1045 1701447910 0,000000 17,800000 59,000000 59,000000 -20,200000
1045 1701447911 0,000000 17,800000 59,000000 59,000000 -20,200000
1045 1701447912 0,000000 17,800000 59,000000 59,000000 -20,200000
1045 1701447913 0,000000 17,800000 59,000000 59,000000 -20,200000
1045 1701447914 0,000000 17,800000 59,000000 59,000000 -20,200000
1045 1701447915 0,000000 17,800000 59,000000 59,000000 -20,200000
1045 1701447916 0,000000 17,800000 59,000000 59,000000 -20,200000
1045 1701447917 0,000000 18,000000 59,000000 59,000000 -20,200000
1045 1701447918 0,000000 18,000000 59,000000 59,000000 -20,200000
1045 1701447919 0,000000 18,000000 59,000000 59,000000 -20,200000
1045 1701447920 0,000000 18,000000 59,000000 59,000000 -20,200000
1045 1701447921 0,000000 18,000000 59,000000 59,000000 -20,200000
1045 1701447922 0,010870 18,400000 59,200000 59,200000 -20,200000
1045 1701447923 0,010870 18,400000 59,400000 59,400000 -20,200000
1045 1701447924 0,010870 18,400000 59,600000 59,600000 -20,200000
1045 1701447925 0,010870 18,400000 59,800000 59,800000 -20,200000
1045 1701447926 0,010870 18,400000 60,000000 60,000000 -20,200000
1045 1701447927 0,000000 18,600000 60,000000 60,000000 -20,200000
1045 1701447928 0,000000 18,600000 60,000000 60,000000 -20,200000
1045 1701447929 0,000000 18,600000 60,000000 60,000000 -20,200000
1045 1701447930 0,000000 18,600000 60,000000 60,000000 -20,200000
1045 1701447931 0,000000 18,600000 60,000000 60,000000 -20,200000
1045 1701447932 0,000000 18,600000 60,000000 60,000000 -20,200000
1045 1701447933 0,000000 18,600000 60,000000 60,000000 -20,200000
1045 1701447934 0,000000 18,600000 60,000000 60,000000 -20,200000
1045 1701447935 0,000000 18,600000 60,000000 60,000000 -20,200000
1045 1701447936 0,000000 18,600000 60,000000 60,000000 -20,200000
1045 1701447937 0,000000 18,600000 60,000000 60,000000 -20,200000
1045 1701447938 0,000000 18,600000 60,000000 60,000000 -20,200000
1045 1701447939 0,000000 18,600000 60,000000 60,000000 -20,200000
1045 1701447940 0,000000 18,600000 60,000000 60,000000 -20,200000
1045 1701447941 0,000000 18,600000 60,000000 60,000000 -20,200000
1045 1701447942 0,000000 19,000000 60,000000 60,000000 -20,200000
1045 1701447943 0,000000 19,000000 60,000000 60,000000 -20,200000
1045 1701447944 0,000000 19,000000 60,000000 60,000000 -20,200000
1045 1701447945 0,000000 19,000000 60,000000 60,000000 -20,200000
1045 1701447946 0,000000 19,000000 60,000000 60,000000 -20,200000
1045 1701447947 0,000000 19,200000 60,000000 60,000000 -20,200000
1045 1701447948 0,000000 19,200000 60,000000 60,000000 -20,200000
1045 1701447949 0,000000 19,200000 60,000000 60,000000 -20,200000
1045 1701447950 0,000000 19,200000 60,000000 60,000000 -20,200000
1045 1701447951 0,000000 19,200000 60,000000 60,000000 -20,200000
1045 1701447952 0,000000 19,200000 60,000000 60,000000 -20,200000
1045 1701447953 0,000000 19,200000 60,000000 60,000000 -20,200000
1045 1701447954 0,000000 19,200000 60,000000 60,000000 -20,200000
1045 1701447955 0,000000 19,200000 60,000000 60,000000 -20,200000
1045 1701447956 0,000000 19,200000 60,000000 60,000000 -20,200000
1045 1701447957 0,000000 19,600000 60,000000 60,000000 -20,200000
1045 1701447958 0,000000 19,600000 60,000000 60,000000 -20,200000
1045 1701447959 0,000000 19,600000 60,000000 60,000000 -20,200000
1045 1701447960 0,000000 19,600000 60,000000 60,000000 -20,200000
1045 1701447961 0,000000 19,600000 60,000000 60,000000 -20,200000
1045 1701447962 0,000000 19,600000 60,000000 60,000000 -20,200000
1045 1701447963 0,000000 19,600000 60,000000 60,000000 -20,200000
1045 1701447964 0,000000 19,600000 60,000000 60,000000 -20,200000
1045 1701447965 0,000000 19,600000 60,000000 60,000000 -20,200000
1045 1701447966 0,000000 19,600000 60,000000 60,000000 -20,200000
1045 1701447967 0,000000 19,600000 60,000000 60,000000 -20,200000
1045 1701447968 0,000000 19,600000 60,000000 60,000000 -20,200000
1045 1701447969 0,000000 19,600000 60,000000 60,000000 -20,200000
1045 1701447970 0,000000 19,600000 60,000000 60,000000 -20,200000
1045 1701447971 0,000000 19,600000 60,000000 60,000000 -20,200000
1045 1701447972 0,000000 19,600000 60,000000 60,000000 -20,200000
1045 1701447973 0,000000 19,600000 60,000000 60,000000 -20,200000
1045 1701447974 0,000000 19,600000 60,000000 60,000000 -20,200000
1045 1701447975 0,000000 19,600000 60,000000 60,000000 -20,200000
1045 1701447976 0,000000 19,600000 60,000000 60,000000 -20,200000
1045 1701447977 0,000000 19,800000 60,000000 60,000000 -20,200000
1045 1701447978 0,000000 19,800000 60,000000 60,000000 -20,200000
1045 1701447979 0,000000 19,800000 60,000000 60,000000 -20,200000
1045 1701447980 0,000000 19,800000 60,000000 60,000000 -20,200000
1045 1701447981 0,000000 19,800000 60,000000 60,000000 -20,200000
1045 1701447982 0,000000 19,800000 60,000000 60,000000 -20,200000
1045 1701447983 0,000000 19,800000 60,000000 60,000000 -20,200000
1045 1701447984 0,000000 19,800000 60,000000 60,000000 -20,200000
1045 1701447985 0,000000 19,800000 60,000000 60,000000 -20,200000
1045 1701447986 0,000000 19,800000 60,000000 60,000000 -20,200000
1045 1701447987 0,000000 20,000000 60,000000 60,000000 -20,200000
1045 1701447988 0,000000 20,000000 60,000000 60,000000 -20,200000
1045 1701447989 0,000000 20,000000 60,000000 60,000000 -20,200000
1045 1701447990 0,000000 20,000000 60,000000 60,000000 -20,200000
1045 1701447991 0,000000 20,000000 60,000000 60,000000 -20,200000
1045 1701447992 0,000000 20,000000 60,000000 60,000000 -20,200000
1045 1701447993 0,000000 20,000000 60,000000 60,000000 -20,200000
1045 1701447994 0,000000 20,000000 60,000000 60,000000 -20,200000
1045 1701447995 0,000000 20,000000 60,000000 60,000000 -20,200000
1045 1701447996 0,000000 20,000000 60,000000 60,000000 -20,200000
1045 1701447997 0,000000 20,600000 60,000000 60,000000 -20,200000
1045 1701447998 0,000000 20,600000 60,000000 60,000000 -20,200000
1045 1701447999 0,000000 20,600000 60,000000 60,000000 -20,200000
1045 1701448000 0,000000 20,600000 60,000000 60,000000 -20,200000
1045 1701448001 0,000000 20,600000 60,000000 60,000000 -20,200000
1045 1701448002 0,000000 20,800000 60,000000 60,000000 -20,200000
1045 1701448003 0,000000 20,800000 60,000000 60,000000 -20,200000
1045 1701448004 0,000000 20,800000 60,000000 60,000000 -20,200000
1045 1701448005 0,000000 20,800000 60,000000 60,000000 -20,200000
1045 1701448006 0,000000 20,800000 60,000000 60,000000 -20,200000
1045 1701448007 0,000000 20,800000 60,000000 60,000000 -20,200000
1045 1701448008 0,000000 20,800000 60,000000 60,000000 -20,200000
1045 1701448009 0,000000 20,800000 60,000000 60,000000 -20,200000
1045 1701448010 0,000000 20,800000 60,000000 60,000000 -20,200000
1045 1701448011 0,000000 20,800000 60,000000 60,000000 -20,200000
1045 1701448012 0,000000 20,800000 60,000000 60,000000 -20,200000
1045 1701448013 0,000000 20,800000 60,000000 60,000000 -20,200000
1045 1701448014 0,000000 20,800000 60,000000 60,000000 -20,200000
1045 1701448015 0,000000 20,800000 60,000000 60,000000 -20,200000
1045 1701448016 0,000000 20,800000 60,000000 60,000000 -20,200000
1045 1701448017 0,000000 21,200000 60,000000 60,000000 -20,200000
1045 1701448018 0,000000 21,200000 60,000000 60,000000 -20,200000
1045 1701448019 0,000000 21,200000 60,000000 60,000000 -20,200000
1045 1701448020 0,000000 21,200000 60,000000 60,000000 -20,200000
1045 1701448021 0,000000 21,200000 60,000000 60,000000 -20,200000
1045 1701448022 0,000000 21,400000 60,000000 60,000000 -20,200000
1045 1701448023 0,000000 21,400000 60,000000 60,000000 -20,200000
1045 1701448024 0,000000 21,400000 60,000000 60,000000 -20,200000
1045 1701448025 0,000000 21,400000 60,000000 60,000000 -20,200000
1045 1701448026 0,000000 21,400000 60,000000 60,000000 -20,200000
1045 1701448027 0,000000 21,600000 60,000000 60,000000 -20,200000
1045 1701448028 0,000000 21,600000 60,000000 60,000000 -20,200000
1045 1701448029 0,000000 21,600000 60,000000 60,000000 -20,200000
1045 1701448030 0,000000 21,600000 60,000000 60,000000 -20,200000
1045 1701448031 0,000000 21,600000 60,000000 60,000000 -20,200000
1045 1701448032 0,000000 21,600000 60,000000 60,000000 -20,200000
1045 1701448033 0,000000 21,600000 60,000000 60,000000 -20,200000
1045 1701448034 0,000000 21,600000 60,000000 60,000000 -20,200000
1045 1701448035 0,000000 21,600000 60,000000 60,000000 -20,200000
1045 1701448036 0,000000 21,600000 60,000000 60,000000 -20,200000
1045 1701448037 0,000000 21,800000 60,000000 60,000000 -20,200000
1045 1701448038 0,000000 21,800000 60,000000 60,000000 -20,200000
1045 1701448039 0,000000 21,800000 60,000000 60,000000 -20,200000
1045 1701448040 0,000000 21,800000 60,000000 60,000000 -20,200000
1045 1701448041 0,000000 21,800000 60,000000 60,000000 -20,200000
1045 1701448042 0,000000 21,800000 60,000000 60,000000 -20,200000
1045 1701448043 0,000000 21,800000 60,000000 60,000000 -20,200000
1045 1701448044 0,000000 21,800000 60,000000 60,000000 -20,200000
1045 1701448045 0,000000 21,800000 60,000000 60,000000 -20,200000
1045 1701448046 0,000000 21,800000 60,000000 60,000000 -20,200000
1045 1701448047 0,000000 21,800000 60,000000 60,000000 -20,200000
1045 1701448048 0,000000 21,800000 60,000000 60,000000 -20,200000
1045 1701448049 0,000000 21,800000 60,000000 60,000000 -20,200000
1045 1701448050 0,000000 21,800000 60,000000 60,000000 -20,200000
1045 1701448051 0,000000 21,800000 60,000000 60,000000 -20,200000
1045 1701448052 0,000000 22,000000 60,000000 60,000000 -20,200000
1045 1701448053 0,000000 22,000000 60,000000 60,000000 -20,200000
1045 1701448054 0,000000 22,000000 60,000000 60,000000 -20,200000
1045 1701448055 0,000000 22,000000 60,000000 60,000000 -20,200000
1045 1701448056 0,000000 22,000000 60,000000 60,000000 -20,200000
1045 1701448057 0,000000 22,400000 60,000000 60,000000 -20,200000
1045 1701448058 0,000000 22,400000 60,000000 60,000000 -20,200000
1045 1701448059 0,000000 22,400000 60,000000 60,000000 -20,200000
1045 1701448060 0,000000 22,400000 60,000000 60,000000 -20,200000
1045 1701448061 0,000000 22,400000 60,000000 60,000000 -20,200000
1045 1701448062 0,000000 22,400000 60,000000 60,000000 -20,200000
1045 1701448063 0,000000 22,400000 60,000000 60,000000 -20,200000
1045 1701448064 0,000000 22,400000 60,000000 60,000000 -20,200000
1045 1701448065 0,000000 22,400000 60,000000 60,000000 -20,200000
1045 1701448066 0,000000 22,400000 60,000000 60,000000 -20,200000
1045 1701448067 0,000000 22,400000 60,000000 60,000000 -20,200000
1045 1701448068 0,000000 22,400000 60,000000 60,000000 -20,200000
1045 1701448069 0,000000 22,400000 60,000000 60,000000 -20,200000
1045 1701448070 0,000000 22,400000 60,000000 60,000000 -20,200000
1045 1701448071 0,000000 22,400000 60,000000 60,000000 -20,200000
1045 1701448072 0,000000 22,800000 60,000000 60,000000 -20,200000
1045 1701448073 0,000000 22,800000 60,000000 60,000000 -20,200000
1045 1701448074 0,000000 22,800000 60,000000 60,000000 -20,200000
1045 1701448075 0,000000 22,800000 60,000000 60,000000 -20,200000
1045 1701448076 0,000000 22,800000 60,000000 60,000000 -20,200000
1045 1701448077 0,000000 22,800000 60,000000 60,000000 -20,200000
1045 1701448078 0,000000 22,800000 60,000000 60,000000 -20,200000
1045 1701448079 0,000000 22,800000 60,000000 60,000000 -20,200000
1045 1701448080 0,000000 22,800000 60,000000 60,000000 -20,200000
1045 1701448081 0,000000 22,800000 60,000000 60,000000 -20,200000
1045 1701448082 0,000000 22,800000 60,000000 60,000000 -20,200000
1045 1701448083 0,000000 22,800000 60,000000 60,000000 -20,200000
1045 1701448084 0,000000 22,800000 60,000000 60,000000 -20,200000
1045 1701448085 0,000000 22,800000 60,000000 60,000000 -20,200000
1045 1701448086 0,000000 22,800000 60,000000 60,000000 -20,200000
1045 1701448087 0,000000 22,800000 60,000000 60,000000 -20,200000
1045 1701448088 0,000000 22,800000 60,000000 60,000000 -20,200000
1045 1701448089 0,000000 22,800000 60,000000 60,000000 -20,200000
1045 1701448090 0,000000 22,800000 60,000000 60,000000 -20,200000
1045 1701448091 0,000000 22,800000 60,000000 60,000000 -20,200000
1045 1701448092 0,000000 23,200000 60,000000 60,000000 -20,200000
1045 1701448093 0,000000 23,200000 60,000000 60,000000 -20,200000
1045 1701448094 0,000000 23,200000 60,000000 60,000000 -20,200000
1045 1701448095 0,000000 23,200000 60,000000 60,000000 -20,200000
1045 1701448096 0,000000 23,200000 60,000000 60,000000 -20,200000
1045 1701448097 0,000000 23,600000 60,000000 60,000000 -20,200000
1045 1701448098 0,000000 23,600000 60,000000 60,000000 -20,200000
1045 1701448099 0,000000 23,600000 60,000000 60,000000 -20,200000
1045 1701448100 0,000000 23,600000 60,000000 60,000000 -20,200000
1045 1701448101 0,000000 23,600000 60,000000 60,000000 -20,200000
1045 1701448102 0,000000 23,800000 60,000000 60,000000 -20,200000
1045 1701448103 0,000000 23,800000 60,000000 60,000000 -20,200000
1045 1701448104 0,000000 23,800000 60,000000 60,000000 -20,200000
1045 1701448105 0,000000 23,800000 60,000000 60,000000 -20,200000
1045 1701448106 0,000000 23,800000 60,000000 60,000000 -20,200000
1045 1701448107 0,000000 23,800000 60,000000 60,000000 -20,200000
1045 1701448108 0,000000 23,800000 60,000000 60,000000 -20,200000
1045 1701448109 0,000000 23,800000 60,000000 60,000000 -20,200000
1045 1701448110 0,000000 23,800000 60,000000 60,000000 -20,200000
1045 1701448111 0,000000 23,800000 60,000000 60,000000 -20,200000
1045 1701448112 0,000000 23,800000 60,000000 60,000000 -20,200000
1045 1701448113 0,000000 23,800000 60,000000 60,000000 -20,200000
1045 1701448114 0,000000 23,800000 60,000000 60,000000 -20,200000
1045 1701448115 0,000000 23,800000 60,000000 60,000000 -20,200000
1045 1701448116 0,000000 23,800000 60,000000 60,000000 -20,200000
1045 1701448117 0,000000 24,200000 60,000000 60,000000 -20,200000
1045 1701448118 0,000000 24,200000 60,000000 60,000000 -20,200000
1045 1701448119 0,000000 24,200000 60,000000 60,000000 -20,200000
1045 1701448120 0,000000 24,200000 60,000000 60,000000 -20,200000
1045 1701448121 0,000000 24,200000 60,000000 60,000000 -20,200000
1045 1701448122 0,000000 24,200000 60,000000 60,000000 -20,200000
1045 1701448123 0,000000 24,200000 60,000000 60,000000 -20,200000
1045 1701448124 0,000000 24,200000 60,000000 60,000000 -20,200000
1045 1701448125 0,000000 24,200000 60,000000 60,000000 -20,200000
1045 1701448126 0,000000 24,200000 60,000000 60,000000 -20,200000
1045 1701448127 0,000000 24,400000 60,000000 60,000000 -20,200000
1045 1701448128 0,000000 24,400000 60,000000 60,000000 -20,200000
1045 1701448129 0,000000 24,400000 60,000000 60,000000 -20,200000
1045 1701448130 0,000000 24,400000 60,000000 60,000000 -20,200000
1045 1701448131 0,000000 24,400000 60,000000 60,000000 -20,200000
1045 1701448132 0,000000 24,600000 60,000000 60,000000 -20,200000
1045 1701448133 0,000000 24,600000 60,000000 60,000000 -20,200000
1045 1701448134 0,000000 24,600000 60,000000 60,000000 -20,200000
1045 1701448135 0,000000 24,600000 60,000000 60,000000 -20,200000
1045 1701448136 0,000000 24,600000 60,000000 60,000000 -20,200000
1045 1701448137 0,000000 24,600000 60,000000 60,000000 -20,200000
1045 1701448138 0,000000 24,600000 60,000000 60,000000 -20,200000
1045 1701448139 0,000000 24,600000 60,000000 60,000000 -20,200000
1045 1701448140 0,000000 24,600000 60,000000 60,000000 -20,200000
1045 1701448141 0,000000 24,600000 60,000000 60,000000 -20,200000
1045 1701448142 0,000000 24,600000 60,000000 60,000000 -20,200000
1045 1701448143 0,000000 24,600000 60,000000 60,000000 -20,200000
1045 1701448144 0,000000 24,600000 60,000000 60,000000 -20,200000
1045 1701448145 0,000000 24,600000 60,000000 60,000000 -20,200000
1045 1701448146 0,000000 24,600000 60,000000 60,000000 -20,200000
1045 1701448147 0,000000 24,800000 60,000000 60,000000 -20,200000
1045 1701448148 0,000000 24,800000 60,000000 60,000000 -20,200000
1045 1701448149 0,000000 24,800000 60,000000 60,000000 -20,200000
1045 1701448150 0,000000 24,800000 60,000000 60,000000 -20,200000
1045 1701448151 0,000000 24,800000 60,000000 60,000000 -20,200000
1045 1701448152 0,000000 25,200000 60,000000 60,000000 -20,200000
1045 1701448153 0,000000 25,200000 60,000000 60,000000 -20,200000
1045 1701448154 0,000000 25,200000 60,000000 60,000000 -20,200000
1045 1701448155 0,000000 25,200000 60,000000 60,000000 -20,200000
1045 1701448156 0,000000 25,200000 60,000000 60,000000 -20,200000
1045 1701448157 0,000000 25,200000 60,000000 60,000000 -20,200000
1045 1701448158 0,000000 25,200000 60,000000 60,000000 -20,200000
1045 1701448159 0,000000 25,200000 60,000000 60,000000 -20,200000
1045 1701448160 0,000000 25,200000 60,000000 60,000000 -20,200000
1045 1701448161 0,000000 25,200000 60,000000 60,000000 -20,200000
1045 1701448162 0,000000 25,200000 60,000000 60,000000 -20,200000
1045 1701448163 0,000000 25,200000 60,000000 60,000000 -20,200000
1045 1701448164 0,000000 25,200000 60,000000 60,000000 -20,200000
1045 1701448165 0,000000 25,200000 60,000000 60,000000 -20,200000
1045 1701448166 0,000000 25,200000 60,000000 60,000000 -20,200000
1045 1701448167 0,000000 25,600000 60,000000 60,000000 -20,200000
1045 1701448168 0,000000 25,600000 60,000000 60,000000 -20,200000
1045 1701448169 0,000000 25,600000 60,000000 60,000000 -20,200000
1045 1701448170 0,000000 25,600000 60,000000 60,000000 -20,200000
1045 1701448171 0,000000 25,600000 60,000000 60,000000 -20,200000
1045 1701448172 0,000000 25,800000 60,000000 60,000000 -20,200000
1045 1701448173 0,000000 25,800000 60,000000 60,000000 -20,200000
1045 1701448174 0,000000 25,800000 60,000000 60,000000 -20,200000
1045 1701448175 0,000000 25,800000 60,000000 60,000000 -20,200000
1045 1701448176 0,000000 25,800000 60,000000 60,000000 -20,200000
1045 1701448177 0,000000 25,800000 60,000000 60,000000 -20,200000
1045 1701448178 0,000000 25,800000 60,000000 60,000000 -20,200000
1045 1701448179 0,000000 25,800000 60,000000 60,000000 -20,200000
1045 1701448180 0,000000 25,800000 60,000000 60,000000 -20,200000
1045 1701448181 0,000000 25,800000 60,000000 60,000000 -20,200000
1045 1701448182 0,000000 25,800000 60,000000 60,000000 -20,200000
1045 1701448183 0,000000 25,800000 60,000000 60,000000 -20,200000
1045 1701448184 0,000000 25,800000 60,000000 60,000000 -20,200000
1045 1701448185 0,000000 25,800000 60,000000 60,000000 -20,200000
1045 1701448186 0,000000 25,800000 60,000000 60,000000 -20,200000
1045 1701448187 0,000000 26,200000 60,000000 60,000000 -20,200000
1045 1701448188 0,000000 26,200000 60,000000 60,000000 -20,200000
1045 1701448189 0,000000 26,200000 60,000000 60,000000 -20,200000
1045 1701448190 0,000000 26,200000 60,000000 60,000000 -20,200000
1045 1701448191 0,000000 26,200000 60,000000 60,000000 -20,200000
1045 1701448192 0,000000 26,200000 60,000000 60,000000 -20,200000
1045 1701448193 0,000000 26,200000 60,000000 60,000000 -20,200000
1045 1701448194 0,000000 26,200000 60,000000 60,000000 -20,200000
1045 1701448195 0,000000 26,200000 60,000000 60,000000 -20,200000
1045 1701448196 0,000000 26,200000 60,000000 60,000000 -20,200000
1045 1701448197 0,000000 26,400000 60,000000 60,000000 -20,200000
1045 1701448198 0,000000 26,400000 60,000000 60,000000 -20,200000
1045 1701448199 0,000000 26,400000 60,000000 60,000000 -20,200000
1045 1701448200 0,000000 26,400000 60,000000 60,000000 -20,200000
1045 1701448201 0,000000 26,400000 60,000000 60,000000 -20,200000
1045 1701448202 0,000000 26,600000 60,000000 60,000000 -20,200000
1045 1701448203 0,000000 26,600000 60,000000 60,000000 -20,200000
1045 1701448204 0,000000 26,600000 60,000000 60,000000 -20,200000
1045 1701448205 0,000000 26,600000 60,000000 60,000000 -20,200000
1045 1701448206 0,000000 26,600000 60,000000 60,000000 -20,200000
1045 1701448207 0,000000 26,600000 60,000000 60,000000 -20,200000
1045 1701448208 0,000000 26,600000 60,000000 60,000000 -20,200000
1045 1701448209 0,000000 26,600000 60,000000 60,000000 -20,200000
1045 1701448210 0,000000 26,600000 60,000000 60,000000 -20,200000
1045 1701448211 0,000000 26,600000 60,000000 60,000000 -20,200000
1045 1701448212 0,000000 27,000000 60,000000 60,000000 -20,200000
1045 1701448213 0,000000 27,000000 60,000000 60,000000 -20,200000
1045 1701448214 0,000000 27,000000 60,000000 60,000000 -20,200000
1045 1701448215 0,000000 27,000000 60,000000 60,000000 -20,200000
1045 1701448216 0,000000 27,000000 60,000000 60,000000 -20,200000
1045 1701448217 0,000000 27,000000 60,000000 60,000000 -20,200000
1045 1701448218 0,000000 27,000000 60,000000 60,000000 -20,200000
1045 1701448219 0,000000 27,000000 60,000000 60,000000 -20,200000
1045 1701448220 0,000000 27,000000 60,000000 60,000000 -20,200000
1045 1701448221 0,000000 27,000000 60,000000 60,000000 -20,200000
1045 1701448222 0,000000 27,200000 60,000000 60,000000 -20,200000
1045 1701448223 0,000000 27,200000 60,000000 60,000000 -20,200000
1045 1701448224 0,000000 27,200000 60,000000 60,000000 -20,200000
1045 1701448225 0,000000 27,200000 60,000000 60,000000 -20,200000
1045 1701448226 0,000000 27,200000 60,000000 60,000000 -20,200000
1045 1701448227 0,000000 27,200000 60,000000 60,000000 -20,200000
1045 1701448228 0,000000 27,200000 60,000000 60,000000 -20,200000
1045 1701448229 0,000000 27,200000 60,000000 60,000000 -20,200000
1045 1701448230 0,000000 27,200000 60,000000 60,000000 -20,200000
1045 1701448231 0,000000 27,200000 60,000000 60,000000 -20,200000
1045 1701448232 0,000000 27,400000 60,000000 60,000000 -20,200000
1045 1701448233 0,000000 27,400000 60,000000 60,000000 -20,200000
1045 1701448234 0,000000 27,400000 60,000000 60,000000 -20,200000
1045 1701448235 0,000000 27,400000 60,000000 60,000000 -20,200000
1045 1701448236 0,000000 27,400000 60,000000 60,000000 -20,200000
1045 1701448237 0,000000 27,400000 60,000000 60,000000 -20,200000
1045 1701448238 0,000000 27,400000 60,000000 60,000000 -20,200000
1045 1701448239 0,000000 27,400000 60,000000 60,000000 -20,200000
1045 1701448240 0,000000 27,400000 60,000000 60,000000 -20,200000
1045 1701448241 0,000000 27,400000 60,000000 60,000000 -20,200000
1045 1701448242 -0,007194 27,800000 59,800000 59,800000 -20,200000
1045 1701448243 -0,007194 27,800000 59,600000 59,600000 -20,200000
1045 1701448244 -0,007194 27,800000 59,400000 59,400000 -20,200000
1045 1701448245 -0,007194 27,800000 59,200000 59,200000 -20,200000
1045 1701448246 -0,007194 27,800000 59,000000 59,000000 -20,200000
1045 1701448247 0,000000 28,000000 59,000000 59,000000 -20,200000
1045 1701448248 0,000000 28,000000 59,000000 59,000000 -20,200000
1045 1701448249 0,000000 28,000000 59,000000 59,000000 -20,200000
1045 1701448250 0,000000 28,000000 59,000000 59,000000 -20,200000
1045 1701448251 0,000000 28,000000 59,000000 59,000000 -20,200000
1045 1701448252 0,000000 28,200000 59,000000 59,000000 -20,200000
1045 1701448253 0,000000 28,200000 59,000000 59,000000 -20,200000
1045 1701448254 0,000000 28,200000 59,000000 59,000000 -20,200000
1045 1701448255 0,000000 28,200000 59,000000 59,000000 -20,200000
1045 1701448256 0,000000 28,200000 59,000000 59,000000 -20,200000
1045 1701448257 0,000000 28,200000 59,000000 59,000000 -20,200000
1045 1701448258 0,000000 28,200000 59,000000 59,000000 -20,200000
1045 1701448259 0,000000 28,200000 59,000000 59,000000 -20,200000
1045 1701448260 0,000000 28,200000 59,000000 59,000000 -20,200000
1045 1701448261 0,000000 28,200000 59,000000 59,000000 -20,200000
1045 1701448262 0,000000 28,200000 59,000000 59,000000 -20,200000
1045 1701448263 0,000000 28,200000 59,000000 59,000000 -20,200000
1045 1701448264 0,000000 28,200000 59,000000 59,000000 -20,200000
1045 1701448265 0,000000 28,200000 59,000000 59,000000 -20,200000
1045 1701448266 0,000000 28,200000 59,000000 59,000000 -20,200000
1045 1701448267 0,000000 28,400000 59,000000 59,000000 -20,200000
1045 1701448268 0,000000 28,400000 59,000000 59,000000 -20,200000
1045 1701448269 0,000000 28,400000 59,000000 59,000000 -20,200000
1045 1701448270 0,000000 28,400000 59,000000 59,000000 -20,200000
1045 1701448271 0,000000 28,400000 59,000000 59,000000 -20,200000
1045 1701448272 0,000000 28,600000 59,000000 59,000000 -20,200000
1045 1701448273 0,000000 28,600000 59,000000 59,000000 -20,200000
1045 1701448274 0,000000 28,600000 59,000000 59,000000 -20,200000
1045 1701448275 0,000000 28,600000 59,000000 59,000000 -20,200000
1045 1701448276 0,000000 28,600000 59,000000 59,000000 -20,200000
1045 1701448277 0,000000 28,600000 59,000000 59,000000 -20,200000
1045 1701448278 0,000000 28,600000 59,000000 59,000000 -20,200000
1045 1701448279 0,000000 28,600000 59,000000 59,000000 -20,200000
1045 1701448280 0,000000 28,600000 59,000000 59,000000 -20,200000
1045 1701448281 0,000000 28,600000 59,000000 59,000000 -20,200000
1045 1701448282 0,000000 28,800000 59,000000 59,000000 -20,200000
1045 1701448283 0,000000 28,800000 59,000000 59,000000 -20,200000
1045 1701448284 0,000000 28,800000 59,000000 59,000000 -20,200000
1045 1701448285 0,000000 28,800000 59,000000 59,000000 -20,200000
1045 1701448286 0,000000 28,800000 59,000000 59,000000 -20,200000
1045 1701448287 0,000000 28,800000 59,000000 59,000000 -20,200000
1045 1701448288 0,000000 28,800000 59,000000 59,000000 -20,200000
1045 1701448289 0,000000 28,800000 59,000000 59,000000 -20,200000
1045 1701448290 0,000000 28,800000 59,000000 59,000000 -20,200000
1045 1701448291 0,000000 28,800000 59,000000 59,000000 -20,200000
1045 1701448292 0,000000 29,000000 59,000000 59,000000 -20,200000
1045 1701448293 0,000000 29,000000 59,000000 59,000000 -20,200000
1045 1701448294 0,000000 29,000000 59,000000 59,000000 -20,200000
1045 1701448295 0,000000 29,000000 59,000000 59,000000 -20,200000
1045 1701448296 0,000000 29,000000 59,000000 59,000000 -20,200000
1045 1701448297 0,000000 29,200000 59,000000 59,000000 -20,200000
1045 1701448298 0,000000 29,200000 59,000000 59,000000 -20,200000
1045 1701448299 0,000000 29,200000 59,000000 59,000000 -20,200000
1045 1701448300 0,000000 29,200000 59,000000 59,000000 -20,200000
1045 1701448301 0,000000 29,200000 59,000000 59,000000 -20,200000
1045 1701448302 0,000000 29,400000 59,000000 59,000000 -20,200000
1045 1701448303 0,000000 29,400000 59,000000 59,000000 -20,200000
1045 1701448304 0,000000 29,400000 59,000000 59,000000 -20,200000
1045 1701448305 0,000000 29,400000 59,000000 59,000000 -20,200000
1045 1701448306 0,000000 29,400000 59,000000 59,000000 -20,200000
1045 1701448307 0,000000 29,800000 59,000000 59,000000 -20,200000
1045 1701448308 0,000000 29,800000 59,000000 59,000000 -20,200000
1045 1701448309 0,000000 29,800000 59,000000 59,000000 -20,200000
1045 1701448310 0,000000 29,800000 59,000000 59,000000 -20,200000
1045 1701448311 0,000000 29,800000 59,000000 59,000000 -20,200000
1045 1701448312 0,000000 30,000000 59,000000 59,000000 -20,200000
1045 1701448313 0,000000 30,000000 59,000000 59,000000 -20,200000
1045 1701448314 0,000000 30,000000 59,000000 59,000000 -20,200000
1045 1701448315 0,000000 30,000000 59,000000 59,000000 -20,200000
1045 1701448316 0,000000 30,000000 59,000000 59,000000 -20,200000
1045 1701448317 0,006623 30,200000 59,200000 59,200000 -20,200000
1045 1701448318 0,006623 30,200000 59,400000 59,400000 -20,200000
1045 1701448319 0,006623 30,200000 59,600000 59,600000 -20,200000
1045 1701448320 0,006623 30,200000 59,800000 59,800000 -20,200000
1045 1701448321 0,006623 30,200000 60,000000 60,000000 -20,200000
1045 1701448322 0,000000 30,200000 60,000000 60,000000 -20,200000
1045 1701448323 0,000000 30,200000 60,000000 60,000000 -20,200000
1045 1701448324 0,000000 30,200000 60,000000 60,000000 -20,200000
1045 1701448325 0,000000 30,200000 60,000000 60,000000 -20,200000
1045 1701448326 0,000000 30,200000 60,000000 60,000000 -20,200000
1045 1701448327 0,000000 30,400000 60,000000 60,000000 -20,200000
1045 1701448328 0,000000 30,400000 60,000000 60,000000 -20,200000
1045 1701448329 0,000000 30,400000 60,000000 60,000000 -20,200000
1045 1701448330 0,000000 30,400000 60,000000 60,000000 -20,200000
1045 1701448331 0,000000 30,400000 60,000000 60,000000 -20,200000
1045 1701448332 0,000000 30,400000 60,000000 60,000000 -20,200000
1045 1701448333 0,000000 30,400000 60,000000 60,000000 -20,200000
1045 1701448334 0,000000 30,400000 60,000000 60,000000 -20,200000
1045 1701448335 0,000000 30,400000 60,000000 60,000000 -20,200000
1045 1701448336 0,000000 30,400000 60,000000 60,000000 -20,200000
1045 1701448337 0,000000 30,400000 60,000000 60,000000 -20,200000
1045 1701448338 0,000000 30,400000 60,000000 60,000000 -20,200000
1045 1701448339 0,000000 30,400000 60,000000 60,000000 -20,200000
1045 1701448340 0,000000 30,400000 60,000000 60,000000 -20,200000
1045 1701448341 0,000000 30,400000 60,000000 60,000000 -20,200000
1045 1701448342 0,000000 30,600000 60,000000 60,000000 -20,200000
1045 1701448343 0,000000 30,600000 60,000000 60,000000 -20,200000
1045 1701448344 0,000000 30,600000 60,000000 60,000000 -20,200000
1045 1701448345 0,000000 30,600000 60,000000 60,000000 -20,200000
1045 1701448346 0,000000 30,600000 60,000000 60,000000 -20,200000
1045 1701448347 0,000000 30,800000 60,000000 60,000000 -20,200000
1045 1701448348 0,000000 30,800000 60,000000 60,000000 -20,200000
1045 1701448349 0,000000 30,800000 60,000000 60,000000 -20,200000
1045 1701448350 0,000000 30,800000 60,000000 60,000000 -20,200000
1045 1701448351 0,000000 30,800000 60,000000 60,000000 -20,200000
1045 1701448352 0,000000 30,800000 60,000000 60,000000 -20,200000
1045 1701448353 0,000000 30,800000 60,000000 60,000000 -20,200000
1045 1701448354 0,000000 30,800000 60,000000 60,000000 -20,200000
1045 1701448355 0,000000 30,800000 60,000000 60,000000 -20,200000
1045 1701448356 0,000000 30,800000 60,000000 60,000000 -20,200000
1045 1701448357 0,000000 31,000000 60,000000 60,000000 -20,200000
1045 1701448358 0,000000 31,000000 60,000000 60,000000 -20,200000
1045 1701448359 0,000000 31,000000 60,000000 60,000000 -20,200000
1045 1701448360 0,000000 31,000000 60,000000 60,000000 -20,200000
1045 1701448361 0,000000 31,000000 60,000000 60,000000 -20,200000
1045 1701448362 -0,006410 31,200000 59,800000 59,800000 -20,200000
1045 1701448363 -0,006410 31,200000 59,600000 59,600000 -20,200000
1045 1701448364 -0,006410 31,200000 59,400000 59,400000 -20,200000
1045 1701448365 -0,006410 31,200000 59,200000 59,200000 -20,200000
1045 1701448366 -0,006410 31,200000 59,000000 59,000000 -20,200000
1045 1701448367 0,000000 31,200000 59,000000 59,000000 -20,200000
1045 1701448368 0,000000 31,200000 59,000000 59,000000 -20,200000
1045 1701448369 0,000000 31,200000 59,000000 59,000000 -20,200000
1045 1701448370 0,000000 31,200000 59,000000 59,000000 -20,200000
1045 1701448371 0,000000 31,200000 59,000000 59,000000 -20,200000
1045 1701448372 0,000000 31,400000 59,000000 59,000000 -20,200000
1045 1701448373 0,000000 31,400000 59,000000 59,000000 -20,200000
1045 1701448374 0,000000 31,400000 59,000000 59,000000 -20,200000
1045 1701448375 0,000000 31,400000 59,000000 59,000000 -20,200000
1045 1701448376 0,000000 31,400000 59,000000 59,000000 -20,200000
1045 1701448377 0,000000 31,400000 59,000000 59,000000 -20,200000
1045 1701448378 0,000000 31,400000 59,000000 59,000000 -20,200000
1045 1701448379 0,000000 31,400000 59,000000 59,000000 -20,200000
1045 1701448380 0,000000 31,400000 59,000000 59,000000 -20,200000
1045 1701448381 0,000000 31,400000 59,000000 59,000000 -20,200000
1045 1701448382 0,000000 31,800000 59,000000 59,000000 -20,200000
1045 1701448383 0,000000 31,800000 59,000000 59,000000 -20,200000
1045 1701448384 0,000000 31,800000 59,000000 59,000000 -20,200000
1045 1701448385 0,000000 31,800000 59,000000 59,000000 -20,200000
1045 1701448386 0,000000 31,800000 59,000000 59,000000 -20,200000
1045 1701448387 0,000000 32,000000 59,000000 59,000000 -20,200000
1045 1701448388 0,000000 32,000000 59,000000 59,000000 -20,200000
1045 1701448389 0,000000 32,000000 59,000000 59,000000 -20,200000
1045 1701448390 0,000000 32,000000 59,000000 59,000000 -20,200000
1045 1701448391 0,000000 32,000000 59,000000 59,000000 -20,200000
1045 1701448392 0,000000 32,200000 59,000000 59,000000 -20,200000
1045 1701448393 0,000000 32,200000 59,000000 59,000000 -20,200000
1045 1701448394 0,000000 32,200000 59,000000 59,000000 -20,200000
1045 1701448395 0,000000 32,200000 59,000000 59,000000 -20,200000
1045 1701448396 0,000000 32,200000 59,000000 59,000000 -20,200000
1045 1701448397 0,000000 32,200000 59,000000 59,000000 -20,200000
1045 1701448398 0,000000 32,200000 59,000000 59,000000 -20,200000
1045 1701448399 0,000000 32,200000 59,000000 59,000000 -20,200000
1045 1701448400 0,000000 32,200000 59,000000 59,000000 -20,200000
1045 1701448401 0,000000 32,200000 59,000000 59,000000 -20,200000
1045 1701448402 0,000000 32,400000 59,000000 59,000000 -20,200000
1045 1701448403 0,000000 32,400000 59,000000 59,000000 -20,200000
1045 1701448404 0,000000 32,400000 59,000000 59,000000 -20,200000
1045 1701448405 0,000000 32,400000 59,000000 59,000000 -20,200000
1045 1701448406 0,000000 32,400000 59,000000 59,000000 -20,200000
1045 1701448407 0,000000 32,800000 59,000000 59,000000 -20,200000
1045 1701448408 0,000000 32,800000 59,000000 59,000000 -20,200000
1045 1701448409 0,000000 32,800000 59,000000 59,000000 -20,200000
1045 1701448410 0,000000 32,800000 59,000000 59,000000 -20,200000
1045 1701448411 0,000000 32,800000 59,000000 59,000000 -20,200000
1045 1701448412 0,000000 33,000000 59,000000 59,000000 -20,200000
1045 1701448413 0,000000 33,000000 59,000000 59,000000 -20,200000
1045 1701448414 0,000000 33,000000 59,000000 59,000000 -20,200000
1045 1701448415 0,000000 33,000000 59,000000 59,000000 -20,200000
1045 1701448416 0,000000 33,000000 59,000000 59,000000 -20,200000
1045 1701448417 0,000000 33,000000 59,000000 59,000000 -20,200000
1045 1701448418 0,000000 33,000000 59,000000 59,000000 -20,200000
1045 1701448419 0,000000 33,000000 59,000000 59,000000 -20,200000
1045 1701448420 0,000000 33,000000 59,000000 59,000000 -20,200000
1045 1701448421 0,000000 33,000000 59,000000 59,000000 -20,200000
1045 1701448422 0,000000 33,200000 59,000000 59,000000 -20,200000
1045 1701448423 0,000000 33,200000 59,000000 59,000000 -20,200000
1045 1701448424 0,000000 33,200000 59,000000 59,000000 -20,200000
1045 1701448425 0,000000 33,200000 59,000000 59,000000 -20,200000
1045 1701448426 0,000000 33,200000 59,000000 59,000000 -20,200000
1045 1701448427 0,000000 33,200000 59,000000 59,000000 -20,200000
1045 1701448428 0,000000 33,200000 59,000000 59,000000 -20,200000
1045 1701448429 0,000000 33,200000 59,000000 59,000000 -20,200000
1045 1701448430 0,000000 33,200000 59,000000 59,000000 -20,200000
1045 1701448431 0,000000 33,200000 59,000000 59,000000 -20,200000
1045 1701448432 0,000000 33,200000 59,000000 59,000000 -20,200000
1045 1701448433 0,000000 33,200000 59,000000 59,000000 -20,200000
1045 1701448434 0,000000 33,200000 59,000000 59,000000 -20,200000
1045 1701448435 0,000000 33,200000 59,000000 59,000000 -20,200000
1045 1701448436 0,000000 33,200000 59,000000 59,000000 -20,200000
1045 1701448437 0,000000 33,200000 59,000000 59,000000 -20,200000
1045 1701448438 0,000000 33,200000 59,000000 59,000000 -20,200000
1045 1701448439 0,000000 33,200000 59,000000 59,000000 -20,200000
1045 1701448440 0,000000 33,200000 59,000000 59,000000 -20,200000
1045 1701448441 0,000000 33,200000 59,000000 59,000000 -20,200000
1045 1701448442 0,000000 33,400000 59,000000 59,000000 -20,200000
1045 1701448443 0,000000 33,400000 59,000000 59,000000 -20,200000
1045 1701448444 0,000000 33,400000 59,000000 59,000000 -20,200000
1045 1701448445 0,000000 33,400000 59,000000 59,000000 -20,200000
1045 1701448446 0,000000 33,400000 59,000000 59,000000 -20,200000
1045 1701448447 0,000000 33,600000 59,000000 59,000000 -20,200000
1045 1701448448 0,000000 33,600000 59,000000 59,000000 -20,200000
1045 1701448449 0,000000 33,600000 59,000000 59,000000 -20,200000
1045 1701448450 0,000000 33,600000 59,000000 59,000000 -20,200000
1045 1701448451 0,000000 33,600000 59,000000 59,000000 -20,200000
1045 1701448513 0,000000 0,500000 60,000000 60,000000 5100,500000
1045 1701448512 0,000000 0,500000 60,000000 60,000000 5100,500000
1045 1701448511 0,000000 0,200000 60,000000 60,000000 2040,200000
1045 1701448510 0,000000 0,200000 60,000000 60,000000 2040,200000
1045 1701448509 0,000000 0,200000 60,000000 60,000000 2040,200000
1045 1701448508 0,000000 0,200000 60,000000 60,000000 2040,200000
1045 1701448507 0,000000 0,200000 60,000000 60,000000 2040,200000
1045 1701448506 0,000000 0,200000 60,000000 60,000000 2040,200000
1045 1701448505 0,000000 0,200000 60,000000 60,000000 2040,200000
1045 1701448504 0,000000 0,200000 60,000000 60,000000 2040,200000
1045 1701448503 0,000000 0,200000 60,000000 60,000000 2040,200000
1045 1701448502 0,000000 0,200000 60,000000 60,000000 2040,200000
1045 1701448501 0,000000 0,200000 60,000000 60,000000 2040,200000
1045 1701448500 0,000000 0,200000 60,000000 60,000000 2040,200000
1045 1701448499 0,000000 0,200000 60,000000 60,000000 2040,200000
1045 1701448498 0,000000 0,200000 60,000000 60,000000 2040,200000
1045 1701448497 0,000000 0,200000 60,000000 60,000000 2040,200000
1045 1701448496 0,000000 0,200000 60,000000 60,000000 2040,200000
1045 1701448495 0,000000 0,200000 60,000000 60,000000 2040,200000
1045 1701448494 0,000000 0,200000 60,000000 60,000000 2040,200000
1045 1701448493 0,000000 0,200000 60,000000 60,000000 2040,200000
1045 1701448492 0,000000 0,200000 60,000000 60,000000 2040,200000
1045 1701448491 0,000000 0,200000 60,000000 60,000000 2040,200000
1045 1701448490 0,000000 0,200000 60,000000 60,000000 2040,200000
1045 1701448489 0,000000 0,200000 60,000000 60,000000 2040,200000
1045 1701448488 0,000000 0,200000 60,000000 60,000000 2040,200000
1045 1701448487 0,000000 0,200000 60,000000 60,000000 2040,200000
1045 1701448486 0,000000 0,200000 60,000000 60,000000 2040,200000
1045 1701448485 0,000000 0,200000 60,000000 60,000000 2040,200000
1045 1701448484 0,000000 0,200000 60,000000 60,000000 2040,200000
1045 1701448483 0,000000 0,200000 60,000000 60,000000 2040,200000
1045 1701448482 0,000000 0,200000 60,000000 60,000000 2040,200000
1045 1701448481 1,000000 0,200000 60,000000 60,000000 2040,208000
1045 1701448480 1,000000 0,200000 59,800000 59,800000 2040,208000
1045 1701448479 1,000000 0,200000 59,600000 59,600000 2040,208000
1045 1701448478 1,000000 0,200000 59,400000 59,400000 2040,208000
1045 1701448477 1,000000 0,200000 59,200000 59,200000 2040,208000
1045 1701448476 0,000000 0,200000 59,000000 59,000000 2040,200000
1045 1701448475 0,000000 0,200000 59,000000 59,000000 2040,200000
1045 1701448474 0,000000 0,200000 59,000000 59,000000 2040,200000
1045 1701448473 0,000000 0,200000 59,000000 59,000000 2040,200000
1045 1701448472 0,000000 0,200000 59,000000 59,000000 2040,200000
1045 1701448471 0,000000 0,200000 59,000000 59,000000 2040,200000
1045 1701448470 0,000000 0,200000 59,000000 59,000000 2040,200000
1045 1701448469 0,000000 0,200000 59,000000 59,000000 2040,200000
1045 1701448468 0,000000 0,200000 59,000000 59,000000 2040,200000
1045 1701448467 0,000000 0,200000 59,000000 59,000000 2040,200000
1045 1701448466 0,000000 0,200000 59,000000 59,000000 2040,200000
1045 1701448465 0,000000 0,200000 59,000000 59,000000 2040,200000
1045 1701448464 0,000000 0,200000 59,000000 59,000000 2040,200000
1045 1701448463 0,000000 0,200000 59,000000 59,000000 2040,200000
1045 1701448462 0,000000 0,200000 59,000000 59,000000 2040,200000
1045 1701448461 0,000000 0,200000 59,000000 59,000000 2040,200000
1045 1701448460 0,000000 0,200000 59,000000 59,000000 2040,200000
1045 1701448459 0,000000 0,200000 59,000000 59,000000 2040,200000
1045 1701448458 0,000000 0,200000 59,000000 59,000000 2040,200000
1045 1701448457 0,000000 0,200000 59,000000 59,000000 2040,200000
1045 1701448456 0,000000 0,200000 59,000000 59,000000 2040,200000
1045 1701448455 0,000000 0,200000 59,000000 59,000000 2040,200000
1045 1701448454 0,000000 0,200000 59,000000 59,000000 2040,200000
1045 1701448453 0,000000 0,200000 59,000000 59,000000 2040,200000
1045 1701448452 0,000000 0,200000 59,000000 59,000000 2040,200000
1045 1701448452 0,000000 33,800000 59,000000 59,000000 -20,200000
1045 1701448453 0,000000 33,800000 59,000000 59,000000 -20,200000
1045 1701448454 0,000000 33,800000 59,000000 59,000000 -20,200000
1045 1701448455 0,000000 33,800000 59,000000 59,000000 -20,200000
1045 1701448456 0,000000 33,800000 59,000000 59,000000 -20,200000
1045 1701448457 0,000000 34,000000 59,000000 59,000000 -20,200000
1045 1701448458 0,000000 34,000000 59,000000 59,000000 -20,200000
1045 1701448459 0,000000 34,000000 59,000000 59,000000 -20,200000
1045 1701448460 0,000000 34,000000 59,000000 59,000000 -20,200000
1045 1701448461 0,000000 34,000000 59,000000 59,000000 -20,200000
1045 1701448462 0,000000 34,400000 59,000000 59,000000 -20,200000
1045 1701448463 0,000000 34,400000 59,000000 59,000000 -20,200000
1045 1701448464 0,000000 34,400000 59,000000 59,000000 -20,200000
1045 1701448465 0,000000 34,400000 59,000000 59,000000 -20,200000
1045 1701448466 0,000000 34,400000 59,000000 59,000000 -20,200000
1045 1701448467 0,000000 34,400000 59,000000 59,000000 -20,200000
1045 1701448468 0,000000 34,400000 59,000000 59,000000 -20,200000
1045 1701448469 0,000000 34,400000 59,000000 59,000000 -20,200000
1045 1701448470 0,000000 34,400000 59,000000 59,000000 -20,200000
1045 1701448471 0,000000 34,400000 59,000000 59,000000 -20,200000
1045 1701448472 0,000000 34,400000 59,000000 59,000000 -20,200000
1045 1701448473 0,000000 34,400000 59,000000 59,000000 -20,200000
1045 1701448474 0,000000 34,400000 59,000000 59,000000 -20,200000
1045 1701448475 0,000000 34,400000 59,000000 59,000000 -20,200000
1045 1701448476 0,000000 34,400000 59,000000 59,000000 -20,200000
1045 1701448477 0,005747 34,800000 59,200000 59,200000 -20,200000
1045 1701448478 0,005747 34,800000 59,400000 59,400000 -20,200000
1045 1701448479 0,005747 34,800000 59,600000 59,600000 -20,200000
1045 1701448480 0,005747 34,800000 59,800000 59,800000 -20,200000
1045 1701448481 0,005747 34,800000 60,000000 60,000000 -20,200000
1045 1701448482 0,000000 35,000000 60,000000 60,000000 -20,200000
1045 1701448483 0,000000 35,000000 60,000000 60,000000 -20,200000
1045 1701448484 0,000000 35,000000 60,000000 60,000000 -20,200000
1045 1701448485 0,000000 35,000000 60,000000 60,000000 -20,200000
1045 1701448486 0,000000 35,000000 60,000000 60,000000 -20,200000
1045 1701448487 0,000000 35,000000 60,000000 60,000000 -20,200000
1045 1701448488 0,000000 35,000000 60,000000 60,000000 -20,200000
1045 1701448489 0,000000 35,000000 60,000000 60,000000 -20,200000
1045 1701448490 0,000000 35,000000 60,000000 60,000000 -20,200000
1045 1701448491 0,000000 35,000000 60,000000 60,000000 -20,200000
1045 1701448492 0,000000 35,000000 60,000000 60,000000 -20,200000
1045 1701448493 0,000000 35,000000 60,000000 60,000000 -20,200000
1045 1701448494 0,000000 35,000000 60,000000 60,000000 -20,200000
1045 1701448495 0,000000 35,000000 60,000000 60,000000 -20,200000
1045 1701448496 0,000000 35,000000 60,000000 60,000000 -20,200000
1045 1701448497 0,000000 35,000000 60,000000 60,000000 -20,200000
1045 1701448498 0,000000 35,000000 60,000000 60,000000 -20,200000
1045 1701448499 0,000000 35,000000 60,000000 60,000000 -20,200000
1045 1701448500 0,000000 35,000000 60,000000 60,000000 -20,200000
1045 1701448501 0,000000 35,000000 60,000000 60,000000 -20,200000
1045 1701448502 0,000000 35,400000 60,000000 60,000000 -20,200000
1045 1701448503 0,000000 35,400000 60,000000 60,000000 -20,200000
1045 1701448504 0,000000 35,400000 60,000000 60,000000 -20,200000
1045 1701448505 0,000000 35,400000 60,000000 60,000000 -20,200000
1045 1701448506 0,000000 35,400000 60,000000 60,000000 -20,200000
1045 1701448507 0,000000 35,600000 60,000000 60,000000 -20,200000
1045 1701448508 0,000000 35,600000 60,000000 60,000000 -20,200000
1045 1701448509 0,000000 35,600000 60,000000 60,000000 -20,200000
1045 1701448510 0,000000 35,600000 60,000000 60,000000 -20,200000
1045 1701448511 0,000000 35,600000 60,000000 60,000000 -20,200000
1045 1701448512 0,000000 35,600000 60,000000 60,000000 -20,200000
1045 1701448513 0,000000 35,600000 60,000000 60,000000 -20,200000
1045 1701448514 0,000000 35,600000 60,000000 60,000000 -20,200000
1045 1701448515 0,000000 35,600000 60,000000 60,000000 -20,200000
1045 1701448516 0,000000 35,600000 60,000000 60,000000 -20,200000
1045 1701448517 0,000000 35,600000 60,000000 60,000000 -20,200000
1045 1701448518 0,000000 35,600000 60,000000 60,000000 -20,200000
1045 1701448519 0,000000 35,600000 60,000000 60,000000 -20,200000
1045 1701448520 0,000000 35,600000 60,000000 60,000000 -20,200000
1045 1701448521 0,000000 35,600000 60,000000 60,000000 -20,200000
1045 1701448522 0,000000 36,200000 60,000000 60,000000 -20,200000
1045 1701448523 0,000000 36,200000 60,000000 60,000000 -20,200000
1045 1701448524 0,000000 36,200000 60,000000 60,000000 -20,200000
1045 1701448525 0,000000 36,200000 60,000000 60,000000 -20,200000
1045 1701448526 0,000000 36,200000 60,000000 60,000000 -20,200000
1045 1701448527 0,000000 36,200000 60,000000 60,000000 -20,200000
1045 1701448528 0,000000 36,200000 60,000000 60,000000 -20,200000
1045 1701448529 0,000000 36,200000 60,000000 60,000000 -20,200000
1045 1701448530 0,000000 36,200000 60,000000 60,000000 -20,200000
1045 1701448531 0,000000 36,200000 60,000000 60,000000 -20,200000
1045 1701448532 0,000000 36,200000 60,000000 60,000000 -20,200000
1045 1701448533 0,000000 36,200000 60,000000 60,000000 -20,200000
1045 1701448534 0,000000 36,200000 60,000000 60,000000 -20,200000
1045 1701448535 0,000000 36,200000 60,000000 60,000000 -20,200000
1045 1701448536 0,000000 36,200000 60,000000 60,000000 -20,200000
1045 1701448537 0,000000 36,600000 60,000000 60,000000 -20,200000
1045 1701448538 0,000000 36,600000 60,000000 60,000000 -20,200000
1045 1701448539 0,000000 36,600000 60,000000 60,000000 -20,200000
1045 1701448540 0,000000 36,600000 60,000000 60,000000 -20,200000
1045 1701448541 0,000000 36,600000 60,000000 60,000000 -20,200000
1045 1701448542 0,000000 36,600000 60,000000 60,000000 -20,200000
1045 1701448543 0,000000 36,600000 60,000000 60,000000 -20,200000
1045 1701448544 0,000000 36,600000 60,000000 60,000000 -20,200000
1045 1701448545 0,000000 36,600000 60,000000 60,000000 -20,200000
1045 1701448546 0,000000 36,600000 60,000000 60,000000 -20,200000
1045 1701448547 0,000000 36,600000 60,000000 60,000000 -20,200000
1045 1701448548 0,000000 36,600000 60,000000 60,000000 -20,200000
1045 1701448549 0,000000 36,600000 60,000000 60,000000 -20,200000
1045 1701448550 0,000000 36,600000 60,000000 60,000000 -20,200000
1045 1701448551 0,000000 36,600000 60,000000 60,000000 -20,200000
1045 1701448552 -0,005435 36,800000 59,800000 59,800000 -20,200000
1045 1701448553 -0,005435 36,800000 59,600000 59,600000 -20,200000
1045 1701448554 -0,005435 36,800000 59,400000 59,400000 -20,200000
1045 1701448555 -0,005435 36,800000 59,200000 59,200000 -20,200000
1045 1701448556 -0,005435 36,800000 59,000000 59,000000 -20,200000
1045 1701448557 0,000000 36,800000 59,000000 59,000000 -20,200000
1045 1701448558 0,000000 36,800000 59,000000 59,000000 -20,200000
1045 1701448559 0,000000 36,800000 59,000000 59,000000 -20,200000
1045 1701448560 0,000000 36,800000 59,000000 59,000000 -20,200000
1045 1701448561 0,000000 36,800000 59,000000 59,000000 -20,200000
1045 1701448562 0,000000 37,200000 59,000000 59,000000 -20,200000
1045 1701448563 0,000000 37,200000 59,000000 59,000000 -20,200000
1045 1701448625 -5,000000 0,250000 0,000000 0,000000 2550,640625
1045 1701448624 -5,000000 0,250000 1,250000 1,250000 2550,640625
1045 1701448623 -5,000000 0,250000 2,500000 2,500000 2550,640625
1045 1701448622 -5,000000 0,250000 3,750000 3,750000 2550,640625
1045 1701448621 -6,000000 0,200000 5,000000 5,000000 2040,488000
1045 1701448620 -6,000000 0,200000 6,200000 6,200000 2040,488000
1045 1701448619 -6,000000 0,200000 7,400000 7,400000 2040,488000
1045 1701448618 -6,000000 0,200000 8,600000 8,600000 2040,488000
1045 1701448617 -6,000000 0,200000 9,800000 9,800000 2040,488000
1045 1701448616 -12,000000 0,200000 11,000000 11,000000 2041,352000
1045 1701448615 -12,000000 0,200000 13,400000 13,400000 2041,352000
1045 1701448614 -12,000000 0,200000 15,800000 15,800000 2041,352000
1045 1701448613 -12,000000 0,200000 18,200000 18,200000 2041,352000
1045 1701448612 -12,000000 0,200000 20,600000 20,600000 2041,352000
1045 1701448611 0,000000 0,200000 23,000000 23,000000 2040,200000
1045 1701448610 0,000000 0,200000 23,000000 23,000000 2040,200000
1045 1701448609 0,000000 0,200000 23,000000 23,000000 2040,200000
1045 1701448608 0,000000 0,200000 23,000000 23,000000 2040,200000
1045 1701448607 0,000000 0,200000 23,000000 23,000000 2040,200000
1045 1701448606 0,000000 0,200000 23,000000 23,000000 2040,200000
1045 1701448605 0,000000 0,200000 23,000000 23,000000 2040,200000
1045 1701448604 0,000000 0,200000 23,000000 23,000000 2040,200000
1045 1701448603 0,000000 0,200000 23,000000 23,000000 2040,200000
1045 1701448602 0,000000 0,200000 23,000000 23,000000 2040,200000
1045 1701448601 -12,000000 0,200000 23,000000 23,000000 2041,352000
1045 1701448600 -12,000000 0,200000 25,400000 25,400000 2041,352000
1045 1701448599 -12,000000 0,200000 27,800000 27,800000 2041,352000
1045 1701448598 -12,000000 0,200000 30,200000 30,200000 2041,352000
1045 1701448597 -12,000000 0,200000 32,600000 32,600000 2041,352000
1045 1701448596 -12,000000 0,200000 35,000000 35,000000 2041,352000
1045 1701448595 -12,000000 0,200000 37,400000 37,400000 2041,352000
1045 1701448594 -12,000000 0,200000 39,800000 39,800000 2041,352000
1045 1701448593 -12,000000 0,200000 42,200000 42,200000 2041,352000
1045 1701448592 -12,000000 0,200000 44,600000 44,600000 2041,352000
1045 1701448591 0,000000 0,200000 47,000000 47,000000 2040,200000
1045 1701448590 0,000000 0,200000 47,000000 47,000000 2040,200000
1045 1701448589 0,000000 0,200000 47,000000 47,000000 2040,200000
1045 1701448588 0,000000 0,200000 47,000000 47,000000 2040,200000
1045 1701448587 0,000000 0,200000 47,000000 47,000000 2040,200000
1045 1701448586 -6,000000 0,200000 47,000000 47,000000 2040,488000
1045 1701448585 -6,000000 0,200000 48,200000 48,200000 2040,488000
1045 1701448584 -6,000000 0,200000 49,400000 49,400000 2040,488000
1045 1701448583 -6,000000 0,200000 50,600000 50,600000 2040,488000
1045 1701448582 -6,000000 0,200000 51,800000 51,800000 2040,488000
1045 1701448581 0,000000 0,200000 53,000000 53,000000 2040,200000
1045 1701448580 0,000000 0,200000 53,000000 53,000000 2040,200000
1045 1701448579 0,000000 0,200000 53,000000 53,000000 2040,200000
1045 1701448578 0,000000 0,200000 53,000000 53,000000 2040,200000
1045 1701448577 0,000000 0,200000 53,000000 53,000000 2040,200000
1045 1701448576 -6,000000 0,200000 53,000000 53,000000 2040,488000
1045 1701448575 -6,000000 0,200000 54,200000 54,200000 2040,488000
1045 1701448574 -6,000000 0,200000 55,400000 55,400000 2040,488000
1045 1701448573 -6,000000 0,200000 56,600000 56,600000 2040,488000
1045 1701448572 -6,000000 0,200000 57,800000 57,800000 2040,488000
1045 1701448571 0,000000 0,200000 59,000000 59,000000 2040,200000
1045 1701448570 0,000000 0,200000 59,000000 59,000000 2040,200000
1045 1701448569 0,000000 0,200000 59,000000 59,000000 2040,200000
1045 1701448568 0,000000 0,200000 59,000000 59,000000 2040,200000
1045 1701448567 0,000000 0,200000 59,000000 59,000000 2040,200000
1045 1701448566 0,000000 0,200000 59,000000 59,000000 2040,200000
1045 1701448565 0,000000 0,200000 59,000000 59,000000 2040,200000
1045 1701448564 0,000000 0,200000 59,000000 59,000000 2040,200000
