1053 1701447322 105820,000000 -1,000000 -101,000000 0,000000 0,000000
1053 1701447323 105820,000000 -1,000000 -101,000000 0,000000 0,000000
1053 1701447324 105820,000000 -1,000000 -101,000000 0,000000 0,000000
1053 1701447325 105820,000000 -1,000000 -101,000000 0,000000 0,000000
1053 1701447326 105820,000000 -1,000000 -101,000000 0,000000 0,000000
1053 1701447327 7918,400000 -1,000000 -101,000000 0,000000 0,000000
1053 1701447328 7918,400000 -1,000000 -101,000000 0,000000 0,000000
1053 1701447329 7918,400000 -1,000000 -101,000000 0,000000 0,000000
1053 1701447330 7918,400000 -1,000000 -101,000000 0,000000 0,000000
1053 1701447331 7918,400000 -1,000000 -101,000000 0,000000 0,000000
1053 1701447332 7977,600000 -1,000000 -101,000000 0,000000 0,000000
1053 1701447333 7977,600000 -1,000000 -101,000000 0,000000 0,000000
1053 1701447334 7977,600000 -1,000000 -101,000000 0,000000 0,000000
1053 1701447335 7977,600000 -1,000000 -101,000000 0,000000 0,000000
1053 1701447336 7977,600000 -1,000000 -101,000000 0,000000 0,000000
1053 1701447337 4625,400000 -1,000000 -101,000000 0,000000 0,000000
1053 1701447338 4625,400000 -1,000000 -101,000000 0,000000 0,000000
1053 1701447339 4625,400000 -1,000000 -101,000000 0,000000 0,000000
1053 1701447340 4625,400000 -1,000000 -101,000000 0,000000 0,000000
1053 1701447341 4625,400000 -1,000000 -101,000000 0,000000 0,000000
1053 1701447342 198859,400000 -1,000000 -101,000000 0,000000 0,000000
1053 1701447343 198859,400000 -1,000000 -101,000000 0,000000 0,000000
1053 1701447344 198859,400000 -1,000000 -101,000000 0,000000 0,000000
1053 1701447345 198859,400000 -1,000000 -101,000000 0,000000 0,000000
1053 1701447346 198859,400000 -1,000000 -101,000000 0,000000 0,000000
1053 1701447347 105796,400000 -1,000000 -101,000000 0,000000 0,000000
1053 1701447348 105796,400000 -1,000000 -101,000000 0,000000 0,000000
1053 1701447349 105796,400000 -1,000000 -101,000000 0,000000 0,000000
1053 1701447350 105796,400000 -1,000000 -101,000000 0,000000 0,000000
1053 1701447351 105796,400000 -1,000000 -101,000000 0,000000 0,000000
1053 1701447352 7977,400000 -1,000000 -101,000000 0,000000 0,000000
1053 1701447353 7977,400000 -1,000000 -101,000000 0,000000 0,000000
1053 1701447354 7977,400000 -1,000000 -101,000000 0,000000 0,000000
1053 1701447355 7977,400000 -1,000000 -101,000000 0,000000 0,000000
1053 1701447356 7977,400000 -1,000000 -101,000000 0,000000 0,000000
1053 1701447357 7918,400000 -1,000000 -101,000000 0,000000 0,000000
1053 1701447358 7918,400000 -1,000000 -101,000000 0,000000 0,000000
1053 1701447359 7918,400000 -1,000000 -101,000000 0,000000 0,000000
1053 1701447360 7918,400000 -1,000000 -101,000000 0,000000 0,000000
1053 1701447361 7918,400000 -1,000000 -101,000000 0,000000 0,000000
1053 1701447362 4625,000000 -1,000000 -101,000000 0,000000 0,000000
1053 1701447363 4625,000000 -1,000000 -101,000000 0,000000 0,000000
1053 1701447364 4625,000000 -1,000000 -101,000000 0,000000 0,000000
1053 1701447365 4625,000000 -1,000000 -101,000000 0,000000 0,000000
1053 1701447366 4625,000000 -1,000000 -101,000000 0,000000 0,000000
1053 1701447367 106045,800000 -1,000000 -101,000000 0,000000 0,000000
1053 1701447368 106045,800000 -1,000000 -101,000000 0,000000 0,000000
1053 1701447369 106045,800000 -1,000000 -101,000000 0,000000 0,000000
1053 1701447370 106045,800000 -1,000000 -101,000000 0,000000 0,000000
1053 1701447371 106045,800000 -1,000000 -101,000000 0,000000 0,000000
1053 1701447377 104206,800000 -1,000000 -101,000000 0,000000 0,000000
1053 1701447378 104206,800000 -1,000000 -101,000000 0,000000 0,000000
1053 1701447379 104206,800000 -1,000000 -101,000000 0,000000 0,000000
1053 1701447380 104206,800000 -1,000000 -101,000000 0,000000 0,000000
1053 1701447381 104206,800000 -1,000000 -101,000000 0,000000 0,000000
1053 1701447392 195601,000000 -1,000000 -101,000000 0,000000 0,000000
1053 1701447393 195601,000000 -1,000000 -101,000000 0,000000 0,000000
1053 1701447394 195601,000000 -1,000000 -101,000000 0,000000 0,000000
1053 1701447395 195601,000000 -1,000000 -101,000000 0,000000 0,000000
1053 1701447396 195601,000000 -1,000000 -101,000000 0,000000 0,000000
1053 1701447397 7930,400000 -1,000000 -101,000000 0,000000 0,000000
1053 1701447398 7930,400000 -1,000000 -101,000000 0,000000 0,000000
1053 1701447399 7930,400000 -1,000000 -101,000000 0,000000 0,000000
1053 1701447400 7930,400000 -1,000000 -101,000000 0,000000 0,000000
1053 1701447401 7930,400000 -1,000000 -101,000000 0,000000 0,000000
1053 1701447402 104186,200000 -1,000000 -101,000000 0,000000 0,000000
1053 1701447403 104186,200000 -1,000000 -101,000000 0,000000 0,000000
1053 1701447404 104186,200000 -1,000000 -101,000000 0,000000 0,000000
1053 1701447405 104186,200000 -1,000000 -101,000000 0,000000 0,000000
1053 1701447406 104186,200000 -1,000000 -101,000000 0,000000 0,000000
1053 1701447407 7980,000000 -1,000000 -101,000000 0,000000 0,000000
1053 1701447408 7980,000000 -1,000000 -101,000000 0,000000 0,000000
1053 1701447409 7980,000000 -1,000000 -101,000000 0,000000 0,000000
1053 1701447410 7980,000000 -1,000000 -101,000000 0,000000 0,000000
1053 1701447411 7980,000000 -1,000000 -101,000000 0,000000 0,000000
1053 1701447422 104438,800000 -1,000000 -101,000000 0,000000 0,000000
1053 1701447423 104438,800000 -1,000000 -101,000000 0,000000 0,000000
1053 1701447424 104438,800000 -1,000000 -101,000000 0,000000 0,000000
1053 1701447425 104438,800000 -1,000000 -101,000000 0,000000 0,000000
1053 1701447426 104438,800000 -1,000000 -101,000000 0,000000 0,000000
1053 1701447427 15912,000000 -1,000000 -101,000000 0,000000 0,000000
1053 1701447428 15912,000000 -1,000000 -101,000000 0,000000 0,000000
1053 1701447429 15912,000000 -1,000000 -101,000000 0,000000 0,000000
1053 1701447430 15912,000000 -1,000000 -101,000000 0,000000 0,000000
1053 1701447431 15912,000000 -1,000000 -101,000000 0,000000 0,000000
1053 1701447432 4631,000000 -1,000000 -101,000000 0,000000 0,000000
1053 1701447433 4631,000000 -1,000000 -101,000000 0,000000 0,000000
1053 1701447434 4631,000000 -1,000000 -101,000000 0,000000 0,000000
1053 1701447435 4631,000000 -1,000000 -101,000000 0,000000 0,000000
1053 1701447436 4631,000000 -1,000000 -101,000000 0,000000 0,000000
1053 1701447437 100484,400000 -1,000000 -101,000000 0,000000 0,000000
1053 1701447438 100484,400000 -1,000000 -101,000000 0,000000 0,000000
1053 1701447439 100484,400000 -1,000000 -101,000000 0,000000 0,000000
1053 1701447440 100484,400000 -1,000000 -101,000000 0,000000 0,000000
1053 1701447441 100484,400000 -1,000000 -101,000000 0,000000 0,000000
1053 1701447442 188165,600000 -1,000000 -101,000000 0,000000 0,000000
1053 1701447443 188165,600000 -1,000000 -101,000000 0,000000 0,000000
1053 1701447444 188165,600000 -1,000000 -101,000000 0,000000 0,000000
1053 1701447445 188165,600000 -1,000000 -101,000000 0,000000 0,000000
1053 1701447446 188165,600000 -1,000000 -101,000000 0,000000 0,000000
1053 1701447457 4630,200000 -1,000000 -101,000000 0,000000 0,000000
1053 1701447458 4630,200000 -1,000000 -101,000000 0,000000 0,000000
1053 1701447459 4630,200000 -1,000000 -101,000000 0,000000 0,000000
1053 1701447460 4630,200000 -1,000000 -101,000000 0,000000 0,000000
1053 1701447461 4630,200000 -1,000000 -101,000000 0,000000 0,000000
1053 1701447462 100473,800000 -1,000000 -101,000000 0,000000 0,000000
1053 1701447463 100473,800000 -1,000000 -101,000000 0,000000 0,000000
1053 1701447464 100473,800000 -1,000000 -101,000000 0,000000 0,000000
1053 1701447465 100473,800000 -1,000000 -101,000000 0,000000 0,000000
1053 1701447466 100473,800000 -1,000000 -101,000000 0,000000 0,000000
1053 1701447467 7928,400000 -1,000000 -101,000000 0,000000 0,000000
1053 1701447468 7928,400000 -1,000000 -101,000000 0,000000 0,000000
1053 1701447469 7928,400000 -1,000000 -101,000000 0,000000 0,000000
1053 1701447470 7928,400000 -1,000000 -101,000000 0,000000 0,000000
1053 1701447471 7928,400000 -1,000000 -101,000000 0,000000 0,000000
1053 1701447477 7983,000000 -1,000000 -101,000000 0,000000 0,000000
1053 1701447478 7983,000000 -1,000000 -101,000000 0,000000 0,000000
1053 1701447479 7983,000000 -1,000000 -101,000000 0,000000 0,000000
1053 1701447480 7983,000000 -1,000000 -101,000000 0,000000 0,000000
1053 1701447481 7983,000000 -1,000000 -101,000000 0,000000 0,000000
1053 1701447482 100730,200000 -1,000000 -101,000000 0,000000 0,000000
1053 1701447483 100730,200000 -1,000000 -101,000000 0,000000 0,000000
1053 1701447484 100730,200000 -1,000000 -101,000000 0,000000 0,000000
1053 1701447485 100730,200000 -1,000000 -101,000000 0,000000 0,000000
1053 1701447486 100730,200000 -1,000000 -101,000000 0,000000 0,000000
1053 1701447492 179745,400000 -1,000000 -101,000000 0,000000 0,000000
1053 1701447493 179745,400000 -1,000000 -101,000000 0,000000 0,000000
1053 1701447494 179745,400000 -1,000000 -101,000000 0,000000 0,000000
1053 1701447495 179745,400000 -1,000000 -101,000000 0,000000 0,000000
1053 1701447496 179745,400000 -1,000000 -101,000000 0,000000 0,000000
1053 1701447497 112174,600000 -1,000000 -101,000000 0,000000 0,000000
1053 1701447498 112174,600000 -1,000000 -101,000000 0,000000 0,000000
1053 1701447499 112174,600000 -1,000000 -101,000000 0,000000 0,000000
1053 1701447500 112174,600000 -1,000000 -101,000000 0,000000 0,000000
1053 1701447501 112174,600000 -1,000000 -101,000000 0,000000 0,000000
1053 1701447517 96468,200000 -1,000000 -101,000000 0,000000 0,000000
1053 1701447518 96468,200000 -1,000000 -101,000000 0,000000 0,000000
1053 1701447519 96468,200000 -1,000000 -101,000000 0,000000 0,000000
1053 1701447520 96468,200000 -1,000000 -101,000000 0,000000 0,000000
1053 1701447521 96468,200000 -1,000000 -101,000000 0,000000 0,000000
1053 1701447527 4632,200000 -1,000000 -101,000000 0,000000 0,000000
1053 1701447528 4632,200000 -1,000000 -101,000000 0,000000 0,000000
1053 1701447529 4632,200000 -1,000000 -101,000000 0,000000 0,000000
1053 1701447530 4632,200000 -1,000000 -101,000000 0,000000 0,000000
1053 1701447531 4632,200000 -1,000000 -101,000000 0,000000 0,000000
1053 1701447537 104641,200000 -1,000000 -101,000000 0,000000 0,000000
1053 1701447538 104641,200000 -1,000000 -101,000000 0,000000 0,000000
1053 1701447539 104641,200000 -1,000000 -101,000000 0,000000 0,000000
1053 1701447540 104641,200000 -1,000000 -101,000000 0,000000 0,000000
1053 1701447541 104641,200000 -1,000000 -101,000000 0,000000 0,000000
1053 1701447542 172250,000000 -1,000000 -101,000000 0,000000 0,000000
1053 1701447543 172250,000000 -1,000000 -101,000000 0,000000 0,000000
1053 1701447544 172250,000000 -1,000000 -101,000000 0,000000 0,000000
1053 1701447545 172250,000000 -1,000000 -101,000000 0,000000 0,000000
1053 1701447546 172250,000000 -1,000000 -101,000000 0,000000 0,000000
1053 1701447552 105128,200000 -1,000000 -101,000000 0,000000 0,000000
1053 1701447553 105128,200000 -1,000000 -101,000000 0,000000 0,000000
1053 1701447554 105128,200000 -1,000000 -101,000000 0,000000 0,000000
1053 1701447555 105128,200000 -1,000000 -101,000000 0,000000 0,000000
1053 1701447556 105128,200000 -1,000000 -101,000000 0,000000 0,000000
1053 1701447567 7918,800000 -1,000000 -101,000000 0,000000 0,000000
1053 1701447568 7918,800000 -1,000000 -101,000000 0,000000 0,000000
1053 1701447569 7918,800000 -1,000000 -101,000000 0,000000 0,000000
1053 1701447570 7918,800000 -1,000000 -101,000000 0,000000 0,000000
1053 1701447571 7918,800000 -1,000000 -101,000000 0,000000 0,000000
1053 1701447572 7976,200000 -1,000000 -101,000000 0,000000 0,000000
1053 1701447573 7976,200000 -1,000000 -101,000000 0,000000 0,000000
1053 1701447574 7976,200000 -1,000000 -101,000000 0,000000 0,000000
1053 1701447575 7976,200000 -1,000000 -101,000000 0,000000 0,000000
1053 1701447576 7976,200000 -1,000000 -101,000000 0,000000 0,000000
1053 1701447577 92740,200000 -1,000000 -101,000000 0,000000 0,000000
1053 1701447578 92740,200000 -1,000000 -101,000000 0,000000 0,000000
1053 1701447579 92740,200000 -1,000000 -101,000000 0,000000 0,000000
1053 1701447580 92740,200000 -1,000000 -101,000000 0,000000 0,000000
1053 1701447581 92740,200000 -1,000000 -101,000000 0,000000 0,000000
1053 1701447597 260934,800000 -1,000000 -101,000000 0,000000 0,000000
1053 1701447598 260934,800000 -1,000000 -101,000000 0,000000 0,000000
1053 1701447599 260934,800000 -1,000000 -101,000000 0,000000 0,000000
1053 1701447600 260934,800000 -1,000000 -101,000000 0,000000 0,000000
1053 1701447601 260934,800000 -1,000000 -101,000000 0,000000 0,000000
1053 1701447607 7922,000000 -1,000000 -101,000000 0,000000 0,000000
1053 1701447608 7922,000000 -1,000000 -101,000000 0,000000 0,000000
1053 1701447609 7922,000000 -1,000000 -101,000000 0,000000 0,000000
1053 1701447610 7922,000000 -1,000000 -101,000000 0,000000 0,000000
1053 1701447611 7922,000000 -1,000000 -101,000000 0,000000 0,000000
1053 1701447612 90372,400000 -1,000000 -101,000000 0,000000 0,000000
1053 1701447613 90372,400000 -1,000000 -101,000000 0,000000 0,000000
1053 1701447614 90372,400000 -1,000000 -101,000000 0,000000 0,000000
1053 1701447615 90372,400000 -1,000000 -101,000000 0,000000 0,000000
1053 1701447616 90372,400000 -1,000000 -101,000000 0,000000 0,000000
1053 1701447622 4624,400000 -1,000000 -101,000000 0,000000 0,000000
1053 1701447623 4624,400000 -1,000000 -101,000000 0,000000 0,000000
1053 1701447624 4624,400000 -1,000000 -101,000000 0,000000 0,000000
1053 1701447625 4624,400000 -1,000000 -101,000000 0,000000 0,000000
1053 1701447626 4624,400000 -1,000000 -101,000000 0,000000 0,000000
1053 1701447627 7978,200000 -1,000000 -101,000000 0,000000 0,000000
1053 1701447628 7978,200000 -1,000000 -101,000000 0,000000 0,000000
1053 1701447629 7978,200000 -1,000000 -101,000000 0,000000 0,000000
1053 1701447630 7978,200000 -1,000000 -101,000000 0,000000 0,000000
1053 1701447631 7978,200000 -1,000000 -101,000000 0,000000 0,000000
1053 1701447637 98503,200000 -1,000000 -101,000000 0,000000 0,000000
1053 1701447638 98503,200000 -1,000000 -101,000000 0,000000 0,000000
1053 1701447639 98503,200000 -1,000000 -101,000000 0,000000 0,000000
1053 1701447640 98503,200000 -1,000000 -101,000000 0,000000 0,000000
1053 1701447641 98503,200000 -1,000000 -101,000000 0,000000 0,000000
1053 1701447647 181717,200000 -1,000000 -101,000000 0,000000 0,000000
1053 1701447648 181717,200000 -1,000000 -101,000000 0,000000 0,000000
1053 1701447649 181717,200000 -1,000000 -101,000000 0,000000 0,000000
1053 1701447650 181717,200000 -1,000000 -101,000000 0,000000 0,000000
1053 1701447651 181717,200000 -1,000000 -101,000000 0,000000 0,000000
1053 1701447657 90826,000000 -1,000000 -101,000000 0,000000 0,000000
1053 1701447658 90826,000000 -1,000000 -101,000000 0,000000 0,000000
1053 1701447659 90826,000000 -1,000000 -101,000000 0,000000 0,000000
1053 1701447660 90826,000000 -1,000000 -101,000000 0,000000 0,000000
1053 1701447661 90826,000000 -1,000000 -101,000000 0,000000 0,000000
1053 1701447672 90958,400000 -1,000000 -101,000000 0,000000 0,000000
1053 1701447673 90958,400000 -1,000000 -101,000000 0,000000 0,000000
1053 1701447674 90958,400000 -1,000000 -101,000000 0,000000 0,000000
1053 1701447675 90958,400000 -1,000000 -101,000000 0,000000 0,000000
1053 1701447676 90958,400000 -1,000000 -101,000000 0,000000 0,000000
1053 1701447677 7919,800000 -1,000000 -101,000000 0,000000 0,000000
1053 1701447678 7919,800000 -1,000000 -101,000000 0,000000 0,000000
1053 1701447679 7919,800000 -1,000000 -101,000000 0,000000 0,000000
1053 1701447680 7919,800000 -1,000000 -101,000000 0,000000 0,000000
1053 1701447681 7919,800000 -1,000000 -101,000000 0,000000 0,000000
1053 1701447692 91175,200000 -1,000000 -101,000000 0,000000 0,000000
1053 1701447693 91175,200000 -1,000000 -101,000000 0,000000 0,000000
1053 1701447694 91175,200000 -1,000000 -101,000000 0,000000 0,000000
1053 1701447695 91175,200000 -1,000000 -101,000000 0,000000 0,000000
1053 1701447696 91175,200000 -1,000000 -101,000000 0,000000 0,000000
1053 1701447697 165493,000000 -1,000000 -101,000000 0,000000 0,000000
1053 1701447698 165493,000000 -1,000000 -101,000000 0,000000 0,000000
1053 1701447699 165493,000000 -1,000000 -101,000000 0,000000 0,000000
1053 1701447700 165493,000000 -1,000000 -101,000000 0,000000 0,000000
1053 1701447701 165493,000000 -1,000000 -101,000000 0,000000 0,000000
1053 1701447702 7979,200000 -1,000000 -101,000000 0,000000 0,000000
1053 1701447703 7979,200000 -1,000000 -101,000000 0,000000 0,000000
1053 1701447704 7979,200000 -1,000000 -101,000000 0,000000 0,000000
1053 1701447705 7979,200000 -1,000000 -101,000000 0,000000 0,000000
1053 1701447706 7979,200000 -1,000000 -101,000000 0,000000 0,000000
1053 1701447707 7919,400000 -1,000000 -101,000000 0,000000 0,000000
1053 1701447708 7919,400000 -1,000000 -101,000000 0,000000 0,000000
1053 1701447709 7919,400000 -1,000000 -101,000000 0,000000 0,000000
1053 1701447710 7919,400000 -1,000000 -101,000000 0,000000 0,000000
1053 1701447711 7919,400000 -1,000000 -101,000000 0,000000 0,000000
1053 1701447712 91428,200000 -1,000000 -101,000000 0,000000 0,000000
1053 1701447713 91428,200000 -1,000000 -101,000000 0,000000 0,000000
1053 1701447714 91428,200000 -1,000000 -101,000000 0,000000 0,000000
1053 1701447715 91428,200000 -1,000000 -101,000000 0,000000 0,000000
1053 1701447716 91428,200000 -1,000000 -101,000000 0,000000 0,000000
1053 1701447717 4625,800000 -1,000000 -101,000000 0,000000 0,000000
1053 1701447718 4625,800000 -1,000000 -101,000000 0,000000 0,000000
1053 1701447719 4625,800000 -1,000000 -101,000000 0,000000 0,000000
1053 1701447720 4625,800000 -1,000000 -101,000000 0,000000 0,000000
1053 1701447721 4625,800000 -1,000000 -101,000000 0,000000 0,000000
1053 1701447722 7974,800000 -1,000000 -101,000000 0,000000 0,000000
1053 1701447723 7974,800000 -1,000000 -101,000000 0,000000 0,000000
1053 1701447724 7974,800000 -1,000000 -101,000000 0,000000 0,000000
1053 1701447725 7974,800000 -1,000000 -101,000000 0,000000 0,000000
1053 1701447726 7974,800000 -1,000000 -101,000000 0,000000 0,000000
1053 1701447727 89156,800000 -1,000000 -101,000000 0,000000 0,000000
1053 1701447728 89156,800000 -1,000000 -101,000000 0,000000 0,000000
1053 1701447729 89156,800000 -1,000000 -101,000000 0,000000 0,000000
1053 1701447730 89156,800000 -1,000000 -101,000000 0,000000 0,000000
1053 1701447731 89156,800000 -1,000000 -101,000000 0,000000 0,000000
1053 1701447742 4628,200000 -1,000000 -101,000000 0,000000 0,000000
1053 1701447743 4628,200000 -1,000000 -101,000000 0,000000 0,000000
1053 1701447744 4628,200000 -1,000000 -101,000000 0,000000 0,000000
1053 1701447745 4628,200000 -1,000000 -101,000000 0,000000 0,000000
1053 1701447746 4628,200000 -1,000000 -101,000000 0,000000 0,000000
1053 1701447747 160774,200000 -1,000000 -101,000000 0,000000 0,000000
1053 1701447748 160774,200000 -1,000000 -101,000000 0,000000 0,000000
1053 1701447749 160774,200000 -1,000000 -101,000000 0,000000 0,000000
1053 1701447750 160774,200000 -1,000000 -101,000000 0,000000 0,000000
1053 1701447751 160774,200000 -1,000000 -101,000000 0,000000 0,000000
1053 1701447752 89379,200000 -1,000000 -101,000000 0,000000 0,000000
1053 1701447753 89379,200000 -1,000000 -101,000000 0,000000 0,000000
1053 1701447754 89379,200000 -1,000000 -101,000000 0,000000 0,000000
1053 1701447755 89379,200000 -1,000000 -101,000000 0,000000 0,000000
1053 1701447756 89379,200000 -1,000000 -101,000000 0,000000 0,000000
1053 1701447772 89635,800000 -1,000000 -101,000000 0,000000 0,000000
1053 1701447773 89635,800000 -1,000000 -101,000000 0,000000 0,000000
1053 1701447774 89635,800000 -1,000000 -101,000000 0,000000 0,000000
1053 1701447775 89635,800000 -1,000000 -101,000000 0,000000 0,000000
1053 1701447776 89635,800000 -1,000000 -101,000000 0,000000 0,000000
1053 1701447777 15908,800000 -1,000000 -101,000000 0,000000 0,000000
1053 1701447778 15908,800000 -1,000000 -101,000000 0,000000 0,000000
1053 1701447779 15908,800000 -1,000000 -101,000000 0,000000 0,000000
1053 1701447780 15908,800000 -1,000000 -101,000000 0,000000 0,000000
1053 1701447781 15908,800000 -1,000000 -101,000000 0,000000 0,000000
1053 1701447787 82802,200000 -1,000000 -101,000000 0,000000 0,000000
1053 1701447788 82802,200000 -1,000000 -101,000000 0,000000 0,000000
1053 1701447789 82802,200000 -1,000000 -101,000000 0,000000 0,000000
1053 1701447790 82802,200000 -1,000000 -101,000000 0,000000 0,000000
1053 1701447791 82802,200000 -1,000000 -101,000000 0,000000 0,000000
1053 1701447797 163663,400000 -1,000000 -101,000000 0,000000 0,000000
1053 1701447798 163663,400000 -1,000000 -101,000000 0,000000 0,000000
1053 1701447799 163663,400000 -1,000000 -101,000000 0,000000 0,000000
1053 1701447800 163663,400000 -1,000000 -101,000000 0,000000 0,000000
1053 1701447801 163663,400000 -1,000000 -101,000000 0,000000 0,000000
1053 1701447807 83009,200000 -1,000000 -101,000000 0,000000 0,000000
1053 1701447808 83009,200000 -1,000000 -101,000000 0,000000 0,000000
1053 1701447809 83009,200000 -1,000000 -101,000000 0,000000 0,000000
1053 1701447810 83009,200000 -1,000000 -101,000000 0,000000 0,000000
1053 1701447811 83009,200000 -1,000000 -101,000000 0,000000 0,000000
1053 1701447812 4626,600000 -1,000000 -101,000000 0,000000 0,000000
1053 1701447813 4626,600000 -1,000000 -101,000000 0,000000 0,000000
1053 1701447814 4626,600000 -1,000000 -101,000000 0,000000 0,000000
1053 1701447815 4626,600000 -1,000000 -101,000000 0,000000 0,000000
1053 1701447816 4626,600000 -1,000000 -101,000000 0,000000 0,000000
1053 1701447822 7930,400000 -1,000000 -101,000000 0,000000 0,000000
1053 1701447823 7930,400000 -1,000000 -101,000000 0,000000 0,000000
1053 1701447824 7930,400000 -1,000000 -101,000000 0,000000 0,000000
1053 1701447825 7930,400000 -1,000000 -101,000000 0,000000 0,000000
1053 1701447826 7930,400000 -1,000000 -101,000000 0,000000 0,000000
1053 1701447827 83252,800000 -1,000000 -101,000000 0,000000 0,000000
1053 1701447828 83252,800000 -1,000000 -101,000000 0,000000 0,000000
1053 1701447829 83252,800000 -1,000000 -101,000000 0,000000 0,000000
1053 1701447830 83252,800000 -1,000000 -101,000000 0,000000 0,000000
1053 1701447831 83252,800000 -1,000000 -101,000000 0,000000 0,000000
1053 1701447837 4624,200000 -1,000000 -101,000000 0,000000 0,000000
1053 1701447838 4624,200000 -1,000000 -101,000000 0,000000 0,000000
1053 1701447839 4624,200000 -1,000000 -101,000000 0,000000 0,000000
1053 1701447840 4624,200000 -1,000000 -101,000000 0,000000 0,000000
1053 1701447841 4624,200000 -1,000000 -101,000000 0,000000 0,000000
1053 1701447847 84222,200000 -1,000000 -101,000000 0,000000 0,000000
1053 1701447848 84222,200000 -1,000000 -101,000000 0,000000 0,000000
1053 1701447849 84222,200000 -1,000000 -101,000000 0,000000 0,000000
1053 1701447911 4630,600000 -1,000000 4630,600000 4630,600000 0,000000
1053 1701447910 4630,600000 -1,000000 4630,600000 4630,600000 0,000000
1053 1701447909 4630,600000 -1,000000 4630,600000 4630,600000 0,000000
1053 1701447908 4630,600000 -1,000000 4630,600000 4630,600000 0,000000
1053 1701447907 4630,600000 -1,000000 4630,600000 4630,600000 0,000000
1053 1701447906 302118,800000 -1,000000 302118,800000 302118,800000 0,000000
1053 1701447905 302118,800000 -1,000000 302118,800000 302118,800000 0,000000
1053 1701447904 302118,800000 -1,000000 302118,800000 302118,800000 0,000000
1053 1701447903 302118,800000 -1,000000 302118,800000 302118,800000 0,000000
1053 1701447902 302118,800000 -1,000000 302118,800000 302118,800000 0,000000
1053 1701447896 7911,600000 -1,000000 7911,600000 7911,600000 0,000000
1053 1701447895 7911,600000 -1,000000 7911,600000 7911,600000 0,000000
1053 1701447894 7911,600000 -1,000000 7911,600000 7911,600000 0,000000
1053 1701447893 7911,600000 -1,000000 7911,600000 7911,600000 0,000000
1053 1701447892 7911,600000 -1,000000 7911,600000 7911,600000 0,000000
1053 1701447891 84674,200000 -1,000000 84674,200000 84674,200000 0,000000
1053 1701447890 84674,200000 -1,000000 84674,200000 84674,200000 0,000000
1053 1701447889 84674,200000 -1,000000 84674,200000 84674,200000 0,000000
1053 1701447888 84674,200000 -1,000000 84674,200000 84674,200000 0,000000
1053 1701447887 84674,200000 -1,000000 84674,200000 84674,200000 0,000000
1053 1701447876 7980,000000 -1,000000 7980,000000 7980,000000 0,000000
1053 1701447875 7980,000000 -1,000000 7980,000000 7980,000000 0,000000
1053 1701447874 7980,000000 -1,000000 7980,000000 7980,000000 0,000000
1053 1701447873 7980,000000 -1,000000 7980,000000 7980,000000 0,000000
1053 1701447872 7980,000000 -1,000000 7980,000000 7980,000000 0,000000
1053 1701447871 84436,200000 -1,000000 84436,200000 84436,200000 0,000000
1053 1701447870 84436,200000 -1,000000 84436,200000 84436,200000 0,000000
1053 1701447869 84436,200000 -1,000000 84436,200000 84436,200000 0,000000
1053 1701447868 84436,200000 -1,000000 84436,200000 84436,200000 0,000000
1053 1701447867 84436,200000 -1,000000 84436,200000 84436,200000 0,000000
1053 1701447856 215229,000000 -1,000000 215229,000000 215229,000000 0,000000
1053 1701447855 215229,000000 -1,000000 215229,000000 215229,000000 0,000000
1053 1701447854 215229,000000 -1,000000 215229,000000 215229,000000 0,000000
1053 1701447853 215229,000000 -1,000000 215229,000000 215229,000000 0,000000
1053 1701447852 215229,000000 -1,000000 215229,000000 215229,000000 0,000000
1053 1701447851 84222,200000 -1,000000 84222,200000 84222,200000 0,000000
1053 1701447850 84222,200000 -1,000000 84222,200000 84222,200000 0,000000
1053 1701447850 84222,200000 -1,000000 -101,000000 0,000000 0,000000
1053 1701447851 84222,200000 -1,000000 -101,000000 0,000000 0,000000
1053 1701447852 215229,000000 -1,000000 -101,000000 0,000000 0,000000
1053 1701447853 215229,000000 -1,000000 -101,000000 0,000000 0,000000
1053 1701447854 215229,000000 -1,000000 -101,000000 0,000000 0,000000
1053 1701447855 215229,000000 -1,000000 -101,000000 0,000000 0,000000
1053 1701447856 215229,000000 -1,000000 -101,000000 0,000000 0,000000
1053 1701447867 84436,200000 -1,000000 -101,000000 0,000000 0,000000
1053 1701447868 84436,200000 -1,000000 -101,000000 0,000000 0,000000
1053 1701447869 84436,200000 -1,000000 -101,000000 0,000000 0,000000
1053 1701447870 84436,200000 -1,000000 -101,000000 0,000000 0,000000
1053 1701447871 84436,200000 -1,000000 -101,000000 0,000000 0,000000
1053 1701447872 7980,000000 -1,000000 -101,000000 0,000000 0,000000
1053 1701447873 7980,000000 -1,000000 -101,000000 0,000000 0,000000
1053 1701447874 7980,000000 -1,000000 -101,000000 0,000000 0,000000
1053 1701447875 7980,000000 -1,000000 -101,000000 0,000000 0,000000
1053 1701447876 7980,000000 -1,000000 -101,000000 0,000000 0,000000
1053 1701447887 84674,200000 -1,000000 -101,000000 0,000000 0,000000
1053 1701447888 84674,200000 -1,000000 -101,000000 0,000000 0,000000
1053 1701447889 84674,200000 -1,000000 -101,000000 0,000000 0,000000
1053 1701447890 84674,200000 -1,000000 -101,000000 0,000000 0,000000
1053 1701447891 84674,200000 -1,000000 -101,000000 0,000000 0,000000
1053 1701447892 7911,600000 -1,000000 -101,000000 0,000000 0,000000
1053 1701447893 7911,600000 -1,000000 -101,000000 0,000000 0,000000
1053 1701447894 7911,600000 -1,000000 -101,000000 0,000000 0,000000
1053 1701447895 7911,600000 -1,000000 -101,000000 0,000000 0,000000
1053 1701447896 7911,600000 -1,000000 -101,000000 0,000000 0,000000
1053 1701447902 302118,800000 -1,000000 -101,000000 0,000000 0,000000
1053 1701447903 302118,800000 -1,000000 -101,000000 0,000000 0,000000
1053 1701447904 302118,800000 -1,000000 -101,000000 0,000000 0,000000
1053 1701447905 302118,800000 -1,000000 -101,000000 0,000000 0,000000
1053 1701447906 302118,800000 -1,000000 -101,000000 0,000000 0,000000
1053 1701447907 4630,600000 -1,000000 -101,000000 0,000000 0,000000
1053 1701447908 4630,600000 -1,000000 -101,000000 0,000000 0,000000
1053 1701447909 4630,600000 -1,000000 -101,000000 0,000000 0,000000
1053 1701447910 4630,600000 -1,000000 -101,000000 0,000000 0,000000
1053 1701447911 4630,600000 -1,000000 -101,000000 0,000000 0,000000
1053 1701447922 7912,800000 -1,000000 -101,000000 0,000000 0,000000
1053 1701447923 7912,800000 -1,000000 -101,000000 0,000000 0,000000
1053 1701447924 7912,800000 -1,000000 -101,000000 0,000000 0,000000
1053 1701447925 7912,800000 -1,000000 -101,000000 0,000000 0,000000
1053 1701447926 7912,800000 -1,000000 -101,000000 0,000000 0,000000
1053 1701447927 114243,600000 -1,000000 -101,000000 0,000000 0,000000
1053 1701447928 114243,600000 -1,000000 -101,000000 0,000000 0,000000
1053 1701447929 114243,600000 -1,000000 -101,000000 0,000000 0,000000
1053 1701447930 114243,600000 -1,000000 -101,000000 0,000000 0,000000
1053 1701447931 114243,600000 -1,000000 -101,000000 0,000000 0,000000
1053 1701447932 4629,400000 -1,000000 -101,000000 0,000000 0,000000
1053 1701447933 4629,400000 -1,000000 -101,000000 0,000000 0,000000
1053 1701447934 4629,400000 -1,000000 -101,000000 0,000000 0,000000
1053 1701447935 4629,400000 -1,000000 -101,000000 0,000000 0,000000
1053 1701447936 4629,400000 -1,000000 -101,000000 0,000000 0,000000
1053 1701447947 114487,400000 -1,000000 -101,000000 0,000000 0,000000
1053 1701447948 114487,400000 -1,000000 -101,000000 0,000000 0,000000
1053 1701447949 114487,400000 -1,000000 -101,000000 0,000000 0,000000
1053 1701447950 114487,400000 -1,000000 -101,000000 0,000000 0,000000
1053 1701447951 114487,400000 -1,000000 -101,000000 0,000000 0,000000
1053 1701447952 188642,400000 -1,000000 -101,000000 0,000000 0,000000
1053 1701447953 188642,400000 -1,000000 -101,000000 0,000000 0,000000
1053 1701447954 188642,400000 -1,000000 -101,000000 0,000000 0,000000
1053 1701447955 188642,400000 -1,000000 -101,000000 0,000000 0,000000
1053 1701447956 188642,400000 -1,000000 -101,000000 0,000000 0,000000
1053 1701447962 112356,800000 -1,000000 -101,000000 0,000000 0,000000
1053 1701447963 112356,800000 -1,000000 -101,000000 0,000000 0,000000
1053 1701447964 112356,800000 -1,000000 -101,000000 0,000000 0,000000
1053 1701447965 112356,800000 -1,000000 -101,000000 0,000000 0,000000
1053 1701447966 112356,800000 -1,000000 -101,000000 0,000000 0,000000
1053 1701447982 104658,600000 -1,000000 -101,000000 0,000000 0,000000
1053 1701447983 104658,600000 -1,000000 -101,000000 0,000000 0,000000
1053 1701447984 104658,600000 -1,000000 -101,000000 0,000000 0,000000
1053 1701447985 104658,600000 -1,000000 -101,000000 0,000000 0,000000
1053 1701447986 104658,600000 -1,000000 -101,000000 0,000000 0,000000
1053 1701447992 7914,800000 -1,000000 -101,000000 0,000000 0,000000
1053 1701447993 7914,800000 -1,000000 -101,000000 0,000000 0,000000
1053 1701447994 7914,800000 -1,000000 -101,000000 0,000000 0,000000
1053 1701447995 7914,800000 -1,000000 -101,000000 0,000000 0,000000
1053 1701447996 7914,800000 -1,000000 -101,000000 0,000000 0,000000
1053 1701448002 298185,000000 -1,000000 -101,000000 0,000000 0,000000
1053 1701448003 298185,000000 -1,000000 -101,000000 0,000000 0,000000
1053 1701448004 298185,000000 -1,000000 -101,000000 0,000000 0,000000
1053 1701448005 298185,000000 -1,000000 -101,000000 0,000000 0,000000
1053 1701448006 298185,000000 -1,000000 -101,000000 0,000000 0,000000
1053 1701448017 100732,200000 -1,000000 -101,000000 0,000000 0,000000
1053 1701448018 100732,200000 -1,000000 -101,000000 0,000000 0,000000
1053 1701448019 100732,200000 -1,000000 -101,000000 0,000000 0,000000
1053 1701448020 100732,200000 -1,000000 -101,000000 0,000000 0,000000
1053 1701448021 100732,200000 -1,000000 -101,000000 0,000000 0,000000
1053 1701448022 7975,400000 -1,000000 -101,000000 0,000000 0,000000
1053 1701448023 7975,400000 -1,000000 -101,000000 0,000000 0,000000
1053 1701448024 7975,400000 -1,000000 -101,000000 0,000000 0,000000
1053 1701448025 7975,400000 -1,000000 -101,000000 0,000000 0,000000
1053 1701448026 7975,400000 -1,000000 -101,000000 0,000000 0,000000
1053 1701448027 4631,400000 -1,000000 -101,000000 0,000000 0,000000
1053 1701448028 4631,400000 -1,000000 -101,000000 0,000000 0,000000
1053 1701448029 4631,400000 -1,000000 -101,000000 0,000000 0,000000
1053 1701448030 4631,400000 -1,000000 -101,000000 0,000000 0,000000
1053 1701448031 4631,400000 -1,000000 -101,000000 0,000000 0,000000
1053 1701448032 7919,800000 -1,000000 -101,000000 0,000000 0,000000
1053 1701448033 7919,800000 -1,000000 -101,000000 0,000000 0,000000
1053 1701448034 7919,800000 -1,000000 -101,000000 0,000000 0,000000
1053 1701448035 7919,800000 -1,000000 -101,000000 0,000000 0,000000
1053 1701448036 7919,800000 -1,000000 -101,000000 0,000000 0,000000
1053 1701448042 100954,600000 -1,000000 -101,000000 0,000000 0,000000
1053 1701448043 100954,600000 -1,000000 -101,000000 0,000000 0,000000
1053 1701448044 100954,600000 -1,000000 -101,000000 0,000000 0,000000
1053 1701448045 100954,600000 -1,000000 -101,000000 0,000000 0,000000
1053 1701448046 100954,600000 -1,000000 -101,000000 0,000000 0,000000
1053 1701448052 173180,800000 -1,000000 -101,000000 0,000000 0,000000
1053 1701448053 173180,800000 -1,000000 -101,000000 0,000000 0,000000
1053 1701448054 173180,800000 -1,000000 -101,000000 0,000000 0,000000
1053 1701448055 173180,800000 -1,000000 -101,000000 0,000000 0,000000
1053 1701448056 173180,800000 -1,000000 -101,000000 0,000000 0,000000
1053 1701448062 109116,400000 -1,000000 -101,000000 0,000000 0,000000
1053 1701448063 109116,400000 -1,000000 -101,000000 0,000000 0,000000
1053 1701448064 109116,400000 -1,000000 -101,000000 0,000000 0,000000
1053 1701448065 109116,400000 -1,000000 -101,000000 0,000000 0,000000
1053 1701448066 109116,400000 -1,000000 -101,000000 0,000000 0,000000
1053 1701448077 104695,800000 -1,000000 -101,000000 0,000000 0,000000
1053 1701448078 104695,800000 -1,000000 -101,000000 0,000000 0,000000
1053 1701448079 104695,800000 -1,000000 -101,000000 0,000000 0,000000
1053 1701448080 104695,800000 -1,000000 -101,000000 0,000000 0,000000
1053 1701448081 104695,800000 -1,000000 -101,000000 0,000000 0,000000
1053 1701448097 109539,400000 -1,000000 -101,000000 0,000000 0,000000
1053 1701448098 109539,400000 -1,000000 -101,000000 0,000000 0,000000
1053 1701448099 109539,400000 -1,000000 -101,000000 0,000000 0,000000
1053 1701448100 109539,400000 -1,000000 -101,000000 0,000000 0,000000
1053 1701448101 109539,400000 -1,000000 -101,000000 0,000000 0,000000
1053 1701448102 7929,400000 -1,000000 -101,000000 0,000000 0,000000
1053 1701448103 7929,400000 -1,000000 -101,000000 0,000000 0,000000
1053 1701448104 7929,400000 -1,000000 -101,000000 0,000000 0,000000
1053 1701448105 7929,400000 -1,000000 -101,000000 0,000000 0,000000
1053 1701448106 7929,400000 -1,000000 -101,000000 0,000000 0,000000
1053 1701448107 168876,800000 -1,000000 -101,000000 0,000000 0,000000
1053 1701448108 168876,800000 -1,000000 -101,000000 0,000000 0,000000
1053 1701448109 168876,800000 -1,000000 -101,000000 0,000000 0,000000
1053 1701448110 168876,800000 -1,000000 -101,000000 0,000000 0,000000
1053 1701448111 168876,800000 -1,000000 -101,000000 0,000000 0,000000
1053 1701448122 101806,400000 -1,000000 -101,000000 0,000000 0,000000
1053 1701448123 101806,400000 -1,000000 -101,000000 0,000000 0,000000
1053 1701448124 101806,400000 -1,000000 -101,000000 0,000000 0,000000
1053 1701448125 101806,400000 -1,000000 -101,000000 0,000000 0,000000
1053 1701448126 101806,400000 -1,000000 -101,000000 0,000000 0,000000
1053 1701448132 7929,800000 -1,000000 -101,000000 0,000000 0,000000
1053 1701448133 7929,800000 -1,000000 -101,000000 0,000000 0,000000
1053 1701448134 7929,800000 -1,000000 -101,000000 0,000000 0,000000
1053 1701448135 7929,800000 -1,000000 -101,000000 0,000000 0,000000
1053 1701448136 7929,800000 -1,000000 -101,000000 0,000000 0,000000
1053 1701448137 92985,600000 -1,000000 -101,000000 0,000000 0,000000
1053 1701448138 92985,600000 -1,000000 -101,000000 0,000000 0,000000
1053 1701448139 92985,600000 -1,000000 -101,000000 0,000000 0,000000
1053 1701448140 92985,600000 -1,000000 -101,000000 0,000000 0,000000
1053 1701448141 92985,600000 -1,000000 -101,000000 0,000000 0,000000
1053 1701448152 7981,000000 -1,000000 -101,000000 0,000000 0,000000
1053 1701448153 7981,000000 -1,000000 -101,000000 0,000000 0,000000
1053 1701448154 7981,000000 -1,000000 -101,000000 0,000000 0,000000
1053 1701448155 7981,000000 -1,000000 -101,000000 0,000000 0,000000
1053 1701448156 7981,000000 -1,000000 -101,000000 0,000000 0,000000
1053 1701448157 263258,800000 -1,000000 -101,000000 0,000000 0,000000
1053 1701448158 263258,800000 -1,000000 -101,000000 0,000000 0,000000
1053 1701448159 263258,800000 -1,000000 -101,000000 0,000000 0,000000
1053 1701448160 263258,800000 -1,000000 -101,000000 0,000000 0,000000
1053 1701448161 263258,800000 -1,000000 -101,000000 0,000000 0,000000
1053 1701448172 15907,200000 -1,000000 -101,000000 0,000000 0,000000
1053 1701448173 15907,200000 -1,000000 -101,000000 0,000000 0,000000
1053 1701448174 15907,200000 -1,000000 -101,000000 0,000000 0,000000
1053 1701448175 15907,200000 -1,000000 -101,000000 0,000000 0,000000
1053 1701448176 15907,200000 -1,000000 -101,000000 0,000000 0,000000
1053 1701448177 93447,400000 -1,000000 -101,000000 0,000000 0,000000
1053 1701448178 93447,400000 -1,000000 -101,000000 0,000000 0,000000
1053 1701448179 93447,400000 -1,000000 -101,000000 0,000000 0,000000
1053 1701448180 93447,400000 -1,000000 -101,000000 0,000000 0,000000
1053 1701448181 93447,400000 -1,000000 -101,000000 0,000000 0,000000
1053 1701448192 95454,600000 -1,000000 -101,000000 0,000000 0,000000
1053 1701448193 95454,600000 -1,000000 -101,000000 0,000000 0,000000
1053 1701448194 95454,600000 -1,000000 -101,000000 0,000000 0,000000
1053 1701448195 95454,600000 -1,000000 -101,000000 0,000000 0,000000
1053 1701448196 95454,600000 -1,000000 -101,000000 0,000000 0,000000
1053 1701448202 7926,400000 -1,000000 -101,000000 0,000000 0,000000
1053 1701448203 7926,400000 -1,000000 -101,000000 0,000000 0,000000
1053 1701448204 7926,400000 -1,000000 -101,000000 0,000000 0,000000
1053 1701448205 7926,400000 -1,000000 -101,000000 0,000000 0,000000
1053 1701448206 7926,400000 -1,000000 -101,000000 0,000000 0,000000
1053 1701448207 166450,600000 -1,000000 -101,000000 0,000000 0,000000
1053 1701448208 166450,600000 -1,000000 -101,000000 0,000000 0,000000
1053 1701448209 166450,600000 -1,000000 -101,000000 0,000000 0,000000
1053 1701448210 166450,600000 -1,000000 -101,000000 0,000000 0,000000
1053 1701448211 166450,600000 -1,000000 -101,000000 0,000000 0,000000
1053 1701448217 95664,000000 -1,000000 -101,000000 0,000000 0,000000
1053 1701448218 95664,000000 -1,000000 -101,000000 0,000000 0,000000
1053 1701448219 95664,000000 -1,000000 -101,000000 0,000000 0,000000
1053 1701448220 95664,000000 -1,000000 -101,000000 0,000000 0,000000
1053 1701448221 95664,000000 -1,000000 -101,000000 0,000000 0,000000
1053 1701448227 7984,200000 -1,000000 -101,000000 0,000000 0,000000
1053 1701448228 7984,200000 -1,000000 -101,000000 0,000000 0,000000
1053 1701448229 7984,200000 -1,000000 -101,000000 0,000000 0,000000
1053 1701448230 7984,200000 -1,000000 -101,000000 0,000000 0,000000
1053 1701448231 7984,200000 -1,000000 -101,000000 0,000000 0,000000
1053 1701448237 91288,800000 -1,000000 -101,000000 0,000000 0,000000
1053 1701448238 91288,800000 -1,000000 -101,000000 0,000000 0,000000
1053 1701448239 91288,800000 -1,000000 -101,000000 0,000000 0,000000
1053 1701448240 91288,800000 -1,000000 -101,000000 0,000000 0,000000
1053 1701448241 91288,800000 -1,000000 -101,000000 0,000000 0,000000
1053 1701448242 7919,400000 -1,000000 -101,000000 0,000000 0,000000
1053 1701448243 7919,400000 -1,000000 -101,000000 0,000000 0,000000
1053 1701448244 7919,400000 -1,000000 -101,000000 0,000000 0,000000
1053 1701448245 7919,400000 -1,000000 -101,000000 0,000000 0,000000
1053 1701448246 7919,400000 -1,000000 -101,000000 0,000000 0,000000
1053 1701448247 7983,000000 -1,000000 -101,000000 0,000000 0,000000
1053 1701448248 7983,000000 -1,000000 -101,000000 0,000000 0,000000
1053 1701448249 7983,000000 -1,000000 -101,000000 0,000000 0,000000
1053 1701448250 7983,000000 -1,000000 -101,000000 0,000000 0,000000
1053 1701448251 7983,000000 -1,000000 -101,000000 0,000000 0,000000
1053 1701448252 91429,800000 -1,000000 -101,000000 0,000000 0,000000
1053 1701448253 91429,800000 -1,000000 -101,000000 0,000000 0,000000
1053 1701448254 91429,800000 -1,000000 -101,000000 0,000000 0,000000
1053 1701448255 91429,800000 -1,000000 -101,000000 0,000000 0,000000
1053 1701448256 91429,800000 -1,000000 -101,000000 0,000000 0,000000
1053 1701448257 153749,800000 -1,000000 -101,000000 0,000000 0,000000
1053 1701448258 153749,800000 -1,000000 -101,000000 0,000000 0,000000
1053 1701448259 153749,800000 -1,000000 -101,000000 0,000000 0,000000
1053 1701448260 153749,800000 -1,000000 -101,000000 0,000000 0,000000
1053 1701448261 153749,800000 -1,000000 -101,000000 0,000000 0,000000
1053 1701448272 99569,200000 -1,000000 -101,000000 0,000000 0,000000
1053 1701448273 99569,200000 -1,000000 -101,000000 0,000000 0,000000
1053 1701448274 99569,200000 -1,000000 -101,000000 0,000000 0,000000
1053 1701448275 99569,200000 -1,000000 -101,000000 0,000000 0,000000
1053 1701448276 99569,200000 -1,000000 -101,000000 0,000000 0,000000
1053 1701448287 4626,200000 -1,000000 -101,000000 0,000000 0,000000
1053 1701448288 4626,200000 -1,000000 -101,000000 0,000000 0,000000
1053 1701448289 4626,200000 -1,000000 -101,000000 0,000000 0,000000
1053 1701448290 4626,200000 -1,000000 -101,000000 0,000000 0,000000
1053 1701448291 4626,200000 -1,000000 -101,000000 0,000000 0,000000
1053 1701448292 91905,000000 -1,000000 -101,000000 0,000000 0,000000
1053 1701448293 91905,000000 -1,000000 -101,000000 0,000000 0,000000
1053 1701448294 91905,000000 -1,000000 -101,000000 0,000000 0,000000
1053 1701448295 91905,000000 -1,000000 -101,000000 0,000000 0,000000
1053 1701448296 91905,000000 -1,000000 -101,000000 0,000000 0,000000
1053 1701448302 7976,200000 -1,000000 -101,000000 0,000000 0,000000
1053 1701448303 7976,200000 -1,000000 -101,000000 0,000000 0,000000
1053 1701448304 7976,200000 -1,000000 -101,000000 0,000000 0,000000
1053 1701448305 7976,200000 -1,000000 -101,000000 0,000000 0,000000
1053 1701448306 7976,200000 -1,000000 -101,000000 0,000000 0,000000
1053 1701448307 246221,200000 -1,000000 -101,000000 0,000000 0,000000
1053 1701448308 246221,200000 -1,000000 -101,000000 0,000000 0,000000
1053 1701448309 246221,200000 -1,000000 -101,000000 0,000000 0,000000
1053 1701448310 246221,200000 -1,000000 -101,000000 0,000000 0,000000
1053 1701448311 246221,200000 -1,000000 -101,000000 0,000000 0,000000
1053 1701448312 4625,000000 -1,000000 -101,000000 0,000000 0,000000
1053 1701448313 4625,000000 -1,000000 -101,000000 0,000000 0,000000
1053 1701448314 4625,000000 -1,000000 -101,000000 0,000000 0,000000
1053 1701448315 4625,000000 -1,000000 -101,000000 0,000000 0,000000
1053 1701448316 4625,000000 -1,000000 -101,000000 0,000000 0,000000
1053 1701448317 7921,600000 -1,000000 -101,000000 0,000000 0,000000
1053 1701448318 7921,600000 -1,000000 -101,000000 0,000000 0,000000
1053 1701448319 7921,600000 -1,000000 -101,000000 0,000000 0,000000
1053 1701448320 7921,600000 -1,000000 -101,000000 0,000000 0,000000
1053 1701448321 7921,600000 -1,000000 -101,000000 0,000000 0,000000
1053 1701448322 7973,800000 -1,000000 -101,000000 0,000000 0,000000
1053 1701448323 7973,800000 -1,000000 -101,000000 0,000000 0,000000
1053 1701448324 7973,800000 -1,000000 -101,000000 0,000000 0,000000
1053 1701448325 7973,800000 -1,000000 -101,000000 0,000000 0,000000
1053 1701448326 7973,800000 -1,000000 -101,000000 0,000000 0,000000
1053 1701448332 89851,400000 -1,000000 -101,000000 0,000000 0,000000
1053 1701448333 89851,400000 -1,000000 -101,000000 0,000000 0,000000
1053 1701448334 89851,400000 -1,000000 -101,000000 0,000000 0,000000
1053 1701448335 89851,400000 -1,000000 -101,000000 0,000000 0,000000
1053 1701448336 89851,400000 -1,000000 -101,000000 0,000000 0,000000
1053 1701448347 7921,600000 -1,000000 -101,000000 0,000000 0,000000
1053 1701448348 7921,600000 -1,000000 -101,000000 0,000000 0,000000
1053 1701448349 7921,600000 -1,000000 -101,000000 0,000000 0,000000
1053 1701448350 7921,600000 -1,000000 -101,000000 0,000000 0,000000
1053 1701448351 7921,600000 -1,000000 -101,000000 0,000000 0,000000
1053 1701448352 90094,600000 -1,000000 -101,000000 0,000000 0,000000
1053 1701448353 90094,600000 -1,000000 -101,000000 0,000000 0,000000
1053 1701448354 90094,600000 -1,000000 -101,000000 0,000000 0,000000
1053 1701448355 90094,600000 -1,000000 -101,000000 0,000000 0,000000
1053 1701448356 90094,600000 -1,000000 -101,000000 0,000000 0,000000
1053 1701448357 200243,000000 -1,000000 -101,000000 0,000000 0,000000
1053 1701448358 200243,000000 -1,000000 -101,000000 0,000000 0,000000
1053 1701448359 200243,000000 -1,000000 -101,000000 0,000000 0,000000
1053 1701448360 200243,000000 -1,000000 -101,000000 0,000000 0,000000
1053 1701448361 200243,000000 -1,000000 -101,000000 0,000000 0,000000
1053 1701448367 83245,200000 -1,000000 -101,000000 0,000000 0,000000
1053 1701448368 83245,200000 -1,000000 -101,000000 0,000000 0,000000
1053 1701448369 83245,200000 -1,000000 -101,000000 0,000000 0,000000
1053 1701448370 83245,200000 -1,000000 -101,000000 0,000000 0,000000
1053 1701448371 83245,200000 -1,000000 -101,000000 0,000000 0,000000
1053 1701448377 7978,200000 -1,000000 -101,000000 0,000000 0,000000
1053 1701448378 7978,200000 -1,000000 -101,000000 0,000000 0,000000
1053 1701448379 7978,200000 -1,000000 -101,000000 0,000000 0,000000
1053 1701448380 7978,200000 -1,000000 -101,000000 0,000000 0,000000
1053 1701448381 7978,200000 -1,000000 -101,000000 0,000000 0,000000
1053 1701448382 4631,600000 -1,000000 -101,000000 0,000000 0,000000
1053 1701448383 4631,600000 -1,000000 -101,000000 0,000000 0,000000
1053 1701448384 4631,600000 -1,000000 -101,000000 0,000000 0,000000
1053 1701448385 4631,600000 -1,000000 -101,000000 0,000000 0,000000
1053 1701448386 4631,600000 -1,000000 -101,000000 0,000000 0,000000
1053 1701448387 91384,400000 -1,000000 -101,000000 0,000000 0,000000
1053 1701448388 91384,400000 -1,000000 -101,000000 0,000000 0,000000
1053 1701448389 91384,400000 -1,000000 -101,000000 0,000000 0,000000
1053 1701448390 91384,400000 -1,000000 -101,000000 0,000000 0,000000
1053 1701448391 91384,400000 -1,000000 -101,000000 0,000000 0,000000
1053 1701448392 7977,400000 -1,000000 -101,000000 0,000000 0,000000
1053 1701448393 7977,400000 -1,000000 -101,000000 0,000000 0,000000
1053 1701448394 7977,400000 -1,000000 -101,000000 0,000000 0,000000
1053 1701448395 7977,400000 -1,000000 -101,000000 0,000000 0,000000
1053 1701448396 7977,400000 -1,000000 -101,000000 0,000000 0,000000
1053 1701448407 4631,400000 -1,000000 -101,000000 0,000000 0,000000
1053 1701448408 4631,400000 -1,000000 -101,000000 0,000000 0,000000
1053 1701448409 4631,400000 -1,000000 -101,000000 0,000000 0,000000
1053 1701448410 4631,400000 -1,000000 -101,000000 0,000000 0,000000
1053 1701448411 4631,400000 -1,000000 -101,000000 0,000000 0,000000
1053 1701448412 280718,800000 -1,000000 -101,000000 0,000000 0,000000
1053 1701448413 280718,800000 -1,000000 -101,000000 0,000000 0,000000
1053 1701448414 280718,800000 -1,000000 -101,000000 0,000000 0,000000
1053 1701448415 280718,800000 -1,000000 -101,000000 0,000000 0,000000
1053 1701448416 280718,800000 -1,000000 -101,000000 0,000000 0,000000
1053 1701448417 7920,400000 -1,000000 -101,000000 0,000000 0,000000
1053 1701448418 7920,400000 -1,000000 -101,000000 0,000000 0,000000
1053 1701448419 7920,400000 -1,000000 -101,000000 0,000000 0,000000
1053 1701448420 7920,400000 -1,000000 -101,000000 0,000000 0,000000
1053 1701448421 7920,400000 -1,000000 -101,000000 0,000000 0,000000
1053 1701448427 84678,400000 -1,000000 -101,000000 0,000000 0,000000
1053 1701448428 84678,400000 -1,000000 -101,000000 0,000000 0,000000
1053 1701448429 84678,400000 -1,000000 -101,000000 0,000000 0,000000
1053 1701448430 84678,400000 -1,000000 -101,000000 0,000000 0,000000
1053 1701448431 84678,400000 -1,000000 -101,000000 0,000000 0,000000
1053 1701448447 84893,400000 -1,000000 -101,000000 0,000000 0,000000
1053 1701448448 84893,400000 -1,000000 -101,000000 0,000000 0,000000
1053 1701448449 84893,400000 -1,000000 -101,000000 0,000000 0,000000
1053 1701448450 84893,400000 -1,000000 -101,000000 0,000000 0,000000
1053 1701448511 106716,200000 -1,000000 106716,200000 106716,200000 0,000000
1053 1701448510 106716,200000 -1,000000 106716,200000 106716,200000 0,000000
1053 1701448509 106716,200000 -1,000000 106716,200000 106716,200000 0,000000
1053 1701448508 106716,200000 -1,000000 106716,200000 106716,200000 0,000000
1053 1701448507 106716,200000 -1,000000 106716,200000 106716,200000 0,000000
1053 1701448506 4632,000000 -1,000000 4632,000000 4632,000000 0,000000
1053 1701448505 4632,000000 -1,000000 4632,000000 4632,000000 0,000000
1053 1701448504 4632,000000 -1,000000 4632,000000 4632,000000 0,000000
1053 1701448503 4632,000000 -1,000000 4632,000000 4632,000000 0,000000
1053 1701448502 4632,000000 -1,000000 4632,000000 4632,000000 0,000000
1053 1701448491 7929,600000 -1,000000 7929,600000 7929,600000 0,000000
1053 1701448490 7929,600000 -1,000000 7929,600000 7929,600000 0,000000
1053 1701448489 7929,600000 -1,000000 7929,600000 7929,600000 0,000000
1053 1701448488 7929,600000 -1,000000 7929,600000 7929,600000 0,000000
1053 1701448487 7929,600000 -1,000000 7929,600000 7929,600000 0,000000
1053 1701448486 111140,400000 -1,000000 111140,400000 111140,400000 0,000000
1053 1701448485 111140,400000 -1,000000 111140,400000 111140,400000 0,000000
1053 1701448484 111140,400000 -1,000000 111140,400000 111140,400000 0,000000
1053 1701448483 111140,400000 -1,000000 111140,400000 111140,400000 0,000000
1053 1701448482 111140,400000 -1,000000 111140,400000 111140,400000 0,000000
1053 1701448471 93122,600000 -1,000000 93122,600000 93122,600000 0,000000
1053 1701448470 93122,600000 -1,000000 93122,600000 93122,600000 0,000000
1053 1701448469 93122,600000 -1,000000 93122,600000 93122,600000 0,000000
1053 1701448468 93122,600000 -1,000000 93122,600000 93122,600000 0,000000
1053 1701448467 93122,600000 -1,000000 93122,600000 93122,600000 0,000000
1053 1701448466 189583,000000 -1,000000 189583,000000 189583,000000 0,000000
1053 1701448465 189583,000000 -1,000000 189583,000000 189583,000000 0,000000
1053 1701448464 189583,000000 -1,000000 189583,000000 189583,000000 0,000000
1053 1701448463 189583,000000 -1,000000 189583,000000 189583,000000 0,000000
1053 1701448462 189583,000000 -1,000000 189583,000000 189583,000000 0,000000
1053 1701448461 7929,600000 -1,000000 7929,600000 7929,600000 0,000000
1053 1701448460 7929,600000 -1,000000 7929,600000 7929,600000 0,000000
1053 1701448459 7929,600000 -1,000000 7929,600000 7929,600000 0,000000
1053 1701448458 7929,600000 -1,000000 7929,600000 7929,600000 0,000000
1053 1701448457 7929,600000 -1,000000 7929,600000 7929,600000 0,000000
1053 1701448456 7979,000000 -1,000000 7979,000000 7979,000000 0,000000
1053 1701448455 7979,000000 -1,000000 7979,000000 7979,000000 0,000000
1053 1701448454 7979,000000 -1,000000 7979,000000 7979,000000 0,000000
1053 1701448453 7979,000000 -1,000000 7979,000000 7979,000000 0,000000
1053 1701448452 7979,000000 -1,000000 7979,000000 7979,000000 0,000000
1053 1701448451 84893,400000 -1,000000 84893,400000 84893,400000 0,000000
1053 1701448451 84893,400000 -1,000000 -101,000000 0,000000 0,000000
1053 1701448452 7979,000000 -1,000000 -101,000000 0,000000 0,000000
1053 1701448453 7979,000000 -1,000000 -101,000000 0,000000 0,000000
1053 1701448454 7979,000000 -1,000000 -101,000000 0,000000 0,000000
1053 1701448455 7979,000000 -1,000000 -101,000000 0,000000 0,000000
1053 1701448456 7979,000000 -1,000000 -101,000000 0,000000 0,000000
1053 1701448457 7929,600000 -1,000000 -101,000000 0,000000 0,000000
1053 1701448458 7929,600000 -1,000000 -101,000000 0,000000 0,000000
1053 1701448459 7929,600000 -1,000000 -101,000000 0,000000 0,000000
1053 1701448460 7929,600000 -1,000000 -101,000000 0,000000 0,000000
1053 1701448461 7929,600000 -1,000000 -101,000000 0,000000 0,000000
1053 1701448462 189583,000000 -1,000000 -101,000000 0,000000 0,000000
1053 1701448463 189583,000000 -1,000000 -101,000000 0,000000 0,000000
1053 1701448464 189583,000000 -1,000000 -101,000000 0,000000 0,000000
1053 1701448465 189583,000000 -1,000000 -101,000000 0,000000 0,000000
1053 1701448466 189583,000000 -1,000000 -101,000000 0,000000 0,000000
1053 1701448467 93122,600000 -1,000000 -101,000000 0,000000 0,000000
1053 1701448468 93122,600000 -1,000000 -101,000000 0,000000 0,000000
1053 1701448469 93122,600000 -1,000000 -101,000000 0,000000 0,000000
1053 1701448470 93122,600000 -1,000000 -101,000000 0,000000 0,000000
1053 1701448471 93122,600000 -1,000000 -101,000000 0,000000 0,000000
1053 1701448482 111140,400000 -1,000000 -101,000000 0,000000 0,000000
1053 1701448483 111140,400000 -1,000000 -101,000000 0,000000 0,000000
1053 1701448484 111140,400000 -1,000000 -101,000000 0,000000 0,000000
1053 1701448485 111140,400000 -1,000000 -101,000000 0,000000 0,000000
1053 1701448486 111140,400000 -1,000000 -101,000000 0,000000 0,000000
1053 1701448487 7929,600000 -1,000000 -101,000000 0,000000 0,000000
1053 1701448488 7929,600000 -1,000000 -101,000000 0,000000 0,000000
1053 1701448489 7929,600000 -1,000000 -101,000000 0,000000 0,000000
1053 1701448490 7929,600000 -1,000000 -101,000000 0,000000 0,000000
1053 1701448491 7929,600000 -1,000000 -101,000000 0,000000 0,000000
1053 1701448502 4632,000000 -1,000000 -101,000000 0,000000 0,000000
1053 1701448503 4632,000000 -1,000000 -101,000000 0,000000 0,000000
1053 1701448504 4632,000000 -1,000000 -101,000000 0,000000 0,000000
1053 1701448505 4632,000000 -1,000000 -101,000000 0,000000 0,000000
1053 1701448506 4632,000000 -1,000000 -101,000000 0,000000 0,000000
1053 1701448507 106716,200000 -1,000000 -101,000000 0,000000 0,000000
1053 1701448508 106716,200000 -1,000000 -101,000000 0,000000 0,000000
1053 1701448509 106716,200000 -1,000000 -101,000000 0,000000 0,000000
1053 1701448510 106716,200000 -1,000000 -101,000000 0,000000 0,000000
1053 1701448511 106716,200000 -1,000000 -101,000000 0,000000 0,000000
1053 1701448512 181588,400000 -1,000000 -101,000000 0,000000 0,000000
1053 1701448513 181588,400000 -1,000000 -101,000000 0,000000 0,000000
1053 1701448514 181588,400000 -1,000000 -101,000000 0,000000 0,000000
1053 1701448515 181588,400000 -1,000000 -101,000000 0,000000 0,000000
1053 1701448516 181588,400000 -1,000000 -101,000000 0,000000 0,000000
1053 1701448522 7979,200000 -1,000000 -101,000000 0,000000 0,000000
1053 1701448523 7979,200000 -1,000000 -101,000000 0,000000 0,000000
1053 1701448524 7979,200000 -1,000000 -101,000000 0,000000 0,000000
1053 1701448525 7979,200000 -1,000000 -101,000000 0,000000 0,000000
1053 1701448526 7979,200000 -1,000000 -101,000000 0,000000 0,000000
1053 1701448527 114898,400000 -1,000000 -101,000000 0,000000 0,000000
1053 1701448528 114898,400000 -1,000000 -101,000000 0,000000 0,000000
1053 1701448529 114898,400000 -1,000000 -101,000000 0,000000 0,000000
1053 1701448530 114898,400000 -1,000000 -101,000000 0,000000 0,000000
1053 1701448531 114898,400000 -1,000000 -101,000000 0,000000 0,000000
1053 1701448542 112898,600000 -1,000000 -101,000000 0,000000 0,000000
1053 1701448543 112898,600000 -1,000000 -101,000000 0,000000 0,000000
1053 1701448544 112898,600000 -1,000000 -101,000000 0,000000 0,000000
1053 1701448545 112898,600000 -1,000000 -101,000000 0,000000 0,000000
1053 1701448546 112898,600000 -1,000000 -101,000000 0,000000 0,000000
1053 1701448557 7926,400000 -1,000000 -101,000000 0,000000 0,000000
1053 1701448558 7926,400000 -1,000000 -101,000000 0,000000 0,000000
1053 1701448559 7926,400000 -1,000000 -101,000000 0,000000 0,000000
1053 1701448560 7926,400000 -1,000000 -101,000000 0,000000 0,000000
1053 1701448561 7926,400000 -1,000000 -101,000000 0,000000 0,000000
1053 1701448562 279236,800000 -1,000000 -101,000000 0,000000 0,000000
1053 1701448625 9895,000000 -1,000000 9895,000000 9895,000000 0,000000
1053 1701448624 9895,000000 -1,000000 9895,000000 9895,000000 0,000000
1053 1701448623 9895,000000 -1,000000 9895,000000 9895,000000 0,000000
1053 1701448622 9895,000000 -1,000000 9895,000000 9895,000000 0,000000
1053 1701448621 101417,400000 -1,000000 101417,400000 101417,400000 0,000000
1053 1701448620 101417,400000 -1,000000 101417,400000 101417,400000 0,000000
1053 1701448619 101417,400000 -1,000000 101417,400000 101417,400000 0,000000
1053 1701448618 101417,400000 -1,000000 101417,400000 101417,400000 0,000000
1053 1701448617 101417,400000 -1,000000 101417,400000 101417,400000 0,000000
1053 1701448616 177770,400000 -1,000000 177770,400000 177770,400000 0,000000
1053 1701448615 177770,400000 -1,000000 177770,400000 177770,400000 0,000000
1053 1701448614 177770,400000 -1,000000 177770,400000 177770,400000 0,000000
1053 1701448613 177770,400000 -1,000000 177770,400000 177770,400000 0,000000
1053 1701448612 177770,400000 -1,000000 177770,400000 177770,400000 0,000000
1053 1701448601 105823,000000 -1,000000 105823,000000 105823,000000 0,000000
1053 1701448600 105823,000000 -1,000000 105823,000000 105823,000000 0,000000
1053 1701448599 105823,000000 -1,000000 105823,000000 105823,000000 0,000000
1053 1701448598 105823,000000 -1,000000 105823,000000 105823,000000 0,000000
1053 1701448597 105823,000000 -1,000000 105823,000000 105823,000000 0,000000
1053 1701448596 15890,800000 -1,000000 15890,800000 15890,800000 0,000000
1053 1701448595 15890,800000 -1,000000 15890,800000 15890,800000 0,000000
1053 1701448594 15890,800000 -1,000000 15890,800000 15890,800000 0,000000
1053 1701448593 15890,800000 -1,000000 15890,800000 15890,800000 0,000000
1053 1701448592 15890,800000 -1,000000 15890,800000 15890,800000 0,000000
1053 1701448586 105386,400000 -1,000000 105386,400000 105386,400000 0,000000
1053 1701448585 105386,400000 -1,000000 105386,400000 105386,400000 0,000000
1053 1701448584 105386,400000 -1,000000 105386,400000 105386,400000 0,000000
1053 1701448583 105386,400000 -1,000000 105386,400000 105386,400000 0,000000
1053 1701448582 105386,400000 -1,000000 105386,400000 105386,400000 0,000000
1053 1701448576 4622,400000 -1,000000 4622,400000 4622,400000 0,000000
1053 1701448575 4622,400000 -1,000000 4622,400000 4622,400000 0,000000
1053 1701448574 4622,400000 -1,000000 4622,400000 4622,400000 0,000000
1053 1701448573 4622,400000 -1,000000 4622,400000 4622,400000 0,000000
1053 1701448572 4622,400000 -1,000000 4622,400000 4622,400000 0,000000
1053 1701448566 279236,800000 -1,000000 279236,800000 279236,800000 0,000000
1053 1701448565 279236,800000 -1,000000 279236,800000 279236,800000 0,000000
1053 1701448564 279236,800000 -1,000000 279236,800000 279236,800000 0,000000
1053 1701448563 279236,800000 -1,000000 279236,800000 279236,800000 0,000000
