1037 1701447317 6,200000 -1,000000 -101,000000 0,000000 0,000000
1037 1701447318 6,200000 -1,000000 -101,000000 0,000000 0,000000
1037 1701447319 6,200000 -1,000000 -101,000000 0,000000 0,000000
1037 1701447320 6,200000 -1,000000 -101,000000 0,000000 0,000000
1037 1701447321 6,200000 -1,000000 -101,000000 0,000000 0,000000
1037 1701447322 5,000000 -1,000000 -101,000000 0,000000 0,000000
1037 1701447323 5,000000 -1,000000 -101,000000 0,000000 0,000000
1037 1701447324 5,000000 -1,000000 -101,000000 0,000000 0,000000
1037 1701447325 5,000000 -1,000000 -101,000000 0,000000 0,000000
1037 1701447326 5,000000 -1,000000 -101,000000 0,000000 0,000000
1037 1701447327 4,200000 -1,000000 -101,000000 0,000000 0,000000
1037 1701447328 4,200000 -1,000000 -101,000000 0,000000 0,000000
1042 1701447317 0,200000 -1,000000 -101,000000 0,000000 0,000000
1042 1701447318 0,200000 -1,000000 -101,000000 0,000000 0,000000
1042 1701447319 0,200000 -1,000000 -101,000000 0,000000 0,000000
1042 1701447320 0,200000 -1,000000 -101,000000 0,000000 0,000000
1042 1701447321 0,200000 -1,000000 -101,000000 0,000000 0,000000
1042 1701447322 0,200000 -1,000000 -101,000000 0,000000 0,000000
1042 1701447323 0,200000 -1,000000 -101,000000 0,000000 0,000000
1042 1701447324 0,200000 -1,000000 -101,000000 0,000000 0,000000
1042 1701447325 0,200000 -1,000000 -101,000000 0,000000 0,000000
1042 1701447326 0,200000 -1,000000 -101,000000 0,000000 0,000000
1037 1701447329 4,200000 -1,000000 -101,000000 0,000000 0,000000
1037 1701447330 4,200000 -1,000000 -101,000000 0,000000 0,000000
1037 1701447331 4,200000 -1,000000 -101,000000 0,000000 0,000000
1037 1701447332 3,400000 -1,000000 -101,000000 0,000000 0,000000
1037 1701447333 3,400000 -1,000000 -101,000000 0,000000 0,000000
1037 1701447334 3,400000 -1,000000 -101,000000 0,000000 0,000000
1037 1701447335 3,400000 -1,000000 -101,000000 0,000000 0,000000
1037 1701447336 3,400000 -1,000000 -101,000000 0,000000 0,000000
1037 1701447337 5,000000 -1,000000 -101,000000 0,000000 0,000000
1037 1701447338 5,000000 -1,000000 -101,000000 0,000000 0,000000
1042 1701447337 0,200000 -1,000000 -101,000000 0,000000 0,000000
1042 1701447338 0,200000 -1,000000 -101,000000 0,000000 0,000000
1037 1701447339 5,000000 -1,000000 -101,000000 0,000000 0,000000
1037 1701447340 5,000000 -1,000000 -101,000000 0,000000 0,000000
1037 1701447341 5,000000 -1,000000 -101,000000 0,000000 0,000000
1037 1701447342 6,200000 -1,000000 -101,000000 0,000000 0,000000
1037 1701447343 6,200000 -1,000000 -101,000000 0,000000 0,000000
1037 1701447344 6,200000 -1,000000 -101,000000 0,000000 0,000000
1037 1701447345 6,200000 -1,000000 -101,000000 0,000000 0,000000
1037 1701447346 6,200000 -1,000000 -101,000000 0,000000 0,000000
1037 1701447347 4,200000 -1,000000 -101,000000 0,000000 0,000000
1037 1701447348 4,200000 -1,000000 -101,000000 0,000000 0,000000
1037 1701447349 4,200000 -1,000000 -101,000000 0,000000 0,000000
1037 1701447350 4,200000 -1,000000 -101,000000 0,000000 0,000000
1037 1701447351 4,200000 -1,000000 -101,000000 0,000000 0,000000
1037 1701447352 5,000000 -1,000000 -101,000000 0,000000 0,000000
1037 1701447353 5,000000 -1,000000 -101,000000 0,000000 0,000000
1037 1701447354 5,000000 -1,000000 -101,000000 0,000000 0,000000
1037 1701447355 5,000000 -1,000000 -101,000000 0,000000 0,000000
1037 1701447356 5,000000 -1,000000 -101,000000 0,000000 0,000000
1037 1701447357 3,400000 -1,000000 -101,000000 0,000000 0,000000
1037 1701447358 3,400000 -1,000000 -101,000000 0,000000 0,000000
1042 1701447339 0,200000 -1,000000 -101,000000 0,000000 0,000000
1042 1701447340 0,200000 -1,000000 -101,000000 0,000000 0,000000
1042 1701447341 0,200000 -1,000000 -101,000000 0,000000 0,000000
1042 1701447342 0,200000 -1,000000 -101,000000 0,000000 0,000000
1042 1701447343 0,200000 -1,000000 -101,000000 0,000000 0,000000
1042 1701447344 0,200000 -1,000000 -101,000000 0,000000 0,000000
1042 1701447345 0,200000 -1,000000 -101,000000 0,000000 0,000000
1042 1701447346 0,200000 -1,000000 -101,000000 0,000000 0,000000
1042 1701447352 0,200000 -1,000000 -101,000000 0,000000 0,000000
1042 1701447353 0,200000 -1,000000 -101,000000 0,000000 0,000000
1042 1701447354 0,200000 -1,000000 -101,000000 0,000000 0,000000
1042 1701447355 0,200000 -1,000000 -101,000000 0,000000 0,000000
1042 1701447356 0,200000 -1,000000 -101,000000 0,000000 0,000000
1037 1701447359 3,400000 -1,000000 -101,000000 0,000000 0,000000
1037 1701447360 3,400000 -1,000000 -101,000000 0,000000 0,000000
1037 1701447361 3,400000 -1,000000 -101,000000 0,000000 0,000000
1037 1701447362 6,200000 -1,000000 -101,000000 0,000000 0,000000
1037 1701447363 6,200000 -1,000000 -101,000000 0,000000 0,000000
1042 1701447362 0,200000 -1,000000 -101,000000 0,000000 0,000000
1042 1701447363 0,200000 -1,000000 -101,000000 0,000000 0,000000
1037 1701447364 6,200000 -1,000000 -101,000000 0,000000 0,000000
1037 1701447365 6,200000 -1,000000 -101,000000 0,000000 0,000000
1037 1701447366 6,200000 -1,000000 -101,000000 0,000000 0,000000
1042 1701447364 0,200000 -1,000000 -101,000000 0,000000 0,000000
1042 1701447365 0,200000 -1,000000 -101,000000 0,000000 0,000000
1042 1701447366 0,200000 -1,000000 -101,000000 0,000000 0,000000
1042 1701447372 0,200000 -1,000000 -101,000000 0,000000 0,000000
1042 1701447373 0,200000 -1,000000 -101,000000 0,000000 0,000000
1037 1701447377 6,200000 -1,000000 -101,000000 0,000000 0,000000
1037 1701447378 6,200000 -1,000000 -101,000000 0,000000 0,000000
1042 1701447374 0,200000 -1,000000 -101,000000 0,000000 0,000000
1042 1701447375 0,200000 -1,000000 -101,000000 0,000000 0,000000
1042 1701447376 0,200000 -1,000000 -101,000000 0,000000 0,000000
1037 1701447379 6,200000 -1,000000 -101,000000 0,000000 0,000000
1037 1701447380 6,200000 -1,000000 -101,000000 0,000000 0,000000
1037 1701447381 6,200000 -1,000000 -101,000000 0,000000 0,000000
1037 1701447387 5,000000 -1,000000 -101,000000 0,000000 0,000000
1037 1701447388 5,000000 -1,000000 -101,000000 0,000000 0,000000
1037 1701447389 5,000000 -1,000000 -101,000000 0,000000 0,000000
1037 1701447390 5,000000 -1,000000 -101,000000 0,000000 0,000000
1037 1701447391 5,000000 -1,000000 -101,000000 0,000000 0,000000
1037 1701447392 5,000000 -1,000000 -101,000000 0,000000 0,000000
1037 1701447393 5,000000 -1,000000 -101,000000 0,000000 0,000000
1037 1701447394 5,000000 -1,000000 -101,000000 0,000000 0,000000
1037 1701447395 5,000000 -1,000000 -101,000000 0,000000 0,000000
1037 1701447396 5,000000 -1,000000 -101,000000 0,000000 0,000000
1037 1701447397 6,200000 -1,000000 -101,000000 0,000000 0,000000
1037 1701447398 6,200000 -1,000000 -101,000000 0,000000 0,000000
1042 1701447387 0,200000 -1,000000 -101,000000 0,000000 0,000000
1042 1701447388 0,200000 -1,000000 -101,000000 0,000000 0,000000
1042 1701447389 0,200000 -1,000000 -101,000000 0,000000 0,000000
1042 1701447390 0,200000 -1,000000 -101,000000 0,000000 0,000000
1042 1701447391 0,200000 -1,000000 -101,000000 0,000000 0,000000
1042 1701447392 0,200000 -1,000000 -101,000000 0,000000 0,000000
1042 1701447393 0,200000 -1,000000 -101,000000 0,000000 0,000000
1042 1701447394 0,200000 -1,000000 -101,000000 0,000000 0,000000
1042 1701447395 0,200000 -1,000000 -101,000000 0,000000 0,000000
1042 1701447396 0,200000 -1,000000 -101,000000 0,000000 0,000000
1042 1701447397 0,200000 -1,000000 -101,000000 0,000000 0,000000
1042 1701447398 0,200000 -1,000000 -101,000000 0,000000 0,000000
1037 1701447399 6,200000 -1,000000 -101,000000 0,000000 0,000000
1037 1701447400 6,200000 -1,000000 -101,000000 0,000000 0,000000
1037 1701447401 6,200000 -1,000000 -101,000000 0,000000 0,000000
1037 1701447402 4,200000 -1,000000 -101,000000 0,000000 0,000000
1037 1701447403 4,200000 -1,000000 -101,000000 0,000000 0,000000
1042 1701447399 0,200000 -1,000000 -101,000000 0,000000 0,000000
1042 1701447400 0,200000 -1,000000 -101,000000 0,000000 0,000000
1042 1701447401 0,200000 -1,000000 -101,000000 0,000000 0,000000
1037 1701447404 4,200000 -1,000000 -101,000000 0,000000 0,000000
1037 1701447405 4,200000 -1,000000 -101,000000 0,000000 0,000000
1037 1701447406 4,200000 -1,000000 -101,000000 0,000000 0,000000
1037 1701447417 6,200000 -1,000000 -101,000000 0,000000 0,000000
1037 1701447418 6,200000 -1,000000 -101,000000 0,000000 0,000000
1042 1701447417 0,200000 -1,000000 -101,000000 0,000000 0,000000
1042 1701447418 0,200000 -1,000000 -101,000000 0,000000 0,000000
1037 1701447419 6,200000 -1,000000 -101,000000 0,000000 0,000000
1037 1701447420 6,200000 -1,000000 -101,000000 0,000000 0,000000
1037 1701447421 6,200000 -1,000000 -101,000000 0,000000 0,000000
1037 1701447422 9,200000 -1,000000 -101,000000 0,000000 0,000000
1037 1701447423 9,200000 -1,000000 -101,000000 0,000000 0,000000
1037 1701447424 9,200000 -1,000000 -101,000000 0,000000 0,000000
1037 1701447425 9,200000 -1,000000 -101,000000 0,000000 0,000000
1037 1701447426 9,200000 -1,000000 -101,000000 0,000000 0,000000
1037 1701447427 3,400000 -1,000000 -101,000000 0,000000 0,000000
1037 1701447428 3,400000 -1,000000 -101,000000 0,000000 0,000000
1042 1701447419 0,200000 -1,000000 -101,000000 0,000000 0,000000
1042 1701447420 0,200000 -1,000000 -101,000000 0,000000 0,000000
1042 1701447421 0,200000 -1,000000 -101,000000 0,000000 0,000000
1042 1701447422 0,200000 -1,000000 -101,000000 0,000000 0,000000
1042 1701447423 0,200000 -1,000000 -101,000000 0,000000 0,000000
1042 1701447424 0,200000 -1,000000 -101,000000 0,000000 0,000000
1042 1701447425 0,200000 -1,000000 -101,000000 0,000000 0,000000
1042 1701447426 0,200000 -1,000000 -101,000000 0,000000 0,000000
1037 1701447429 3,400000 -1,000000 -101,000000 0,000000 0,000000
1037 1701447430 3,400000 -1,000000 -101,000000 0,000000 0,000000
1037 1701447431 3,400000 -1,000000 -101,000000 0,000000 0,000000
1037 1701447432 6,200000 -1,000000 -101,000000 0,000000 0,000000
1037 1701447433 6,200000 -1,000000 -101,000000 0,000000 0,000000
1042 1701447432 0,200000 -1,000000 -101,000000 0,000000 0,000000
1042 1701447433 0,200000 -1,000000 -101,000000 0,000000 0,000000
1037 1701447434 6,200000 -1,000000 -101,000000 0,000000 0,000000
1037 1701447435 6,200000 -1,000000 -101,000000 0,000000 0,000000
1037 1701447436 6,200000 -1,000000 -101,000000 0,000000 0,000000
1037 1701447437 5,000000 -1,000000 -101,000000 0,000000 0,000000
1037 1701447438 5,000000 -1,000000 -101,000000 0,000000 0,000000
1042 1701447434 0,200000 -1,000000 -101,000000 0,000000 0,000000
1042 1701447435 0,200000 -1,000000 -101,000000 0,000000 0,000000
1042 1701447436 0,200000 -1,000000 -101,000000 0,000000 0,000000
1042 1701447437 0,200000 -1,000000 -101,000000 0,000000 0,000000
1042 1701447438 0,200000 -1,000000 -101,000000 0,000000 0,000000
1042 1701447439 0,200000 -1,000000 -101,000000 0,000000 0,000000
1042 1701447440 0,200000 -1,000000 -101,000000 0,000000 0,000000
1042 1701447441 0,200000 -1,000000 -101,000000 0,000000 0,000000
1037 1701447439 5,000000 -1,000000 -101,000000 0,000000 0,000000
1037 1701447440 5,000000 -1,000000 -101,000000 0,000000 0,000000
1037 1701447441 5,000000 -1,000000 -101,000000 0,000000 0,000000
1037 1701447452 3,400000 -1,000000 -101,000000 0,000000 0,000000
1037 1701447453 3,400000 -1,000000 -101,000000 0,000000 0,000000
1037 1701447454 3,400000 -1,000000 -101,000000 0,000000 0,000000
1037 1701447455 3,400000 -1,000000 -101,000000 0,000000 0,000000
1037 1701447456 3,400000 -1,000000 -101,000000 0,000000 0,000000
1037 1701447457 6,200000 -1,000000 -101,000000 0,000000 0,000000
1037 1701447458 6,200000 -1,000000 -101,000000 0,000000 0,000000
1037 1701447459 6,200000 -1,000000 -101,000000 0,000000 0,000000
1037 1701447460 6,200000 -1,000000 -101,000000 0,000000 0,000000
1037 1701447461 6,200000 -1,000000 -101,000000 0,000000 0,000000
1037 1701447462 5,000000 -1,000000 -101,000000 0,000000 0,000000
1037 1701447463 5,000000 -1,000000 -101,000000 0,000000 0,000000
1037 1701447464 5,000000 -1,000000 -101,000000 0,000000 0,000000
1037 1701447465 5,000000 -1,000000 -101,000000 0,000000 0,000000
1037 1701447466 5,000000 -1,000000 -101,000000 0,000000 0,000000
1042 1701447457 0,200000 -1,000000 -101,000000 0,000000 0,000000
1042 1701447458 0,200000 -1,000000 -101,000000 0,000000 0,000000
1042 1701447459 0,200000 -1,000000 -101,000000 0,000000 0,000000
1042 1701447460 0,200000 -1,000000 -101,000000 0,000000 0,000000
1042 1701447461 0,200000 -1,000000 -101,000000 0,000000 0,000000
1042 1701447462 0,200000 -1,000000 -101,000000 0,000000 0,000000
1042 1701447463 0,200000 -1,000000 -101,000000 0,000000 0,000000
1042 1701447464 0,200000 -1,000000 -101,000000 0,000000 0,000000
1042 1701447465 0,200000 -1,000000 -101,000000 0,000000 0,000000
1042 1701447466 0,200000 -1,000000 -101,000000 0,000000 0,000000
1037 1701447477 10,400000 -1,000000 -101,000000 0,000000 0,000000
1037 1701447478 10,400000 -1,000000 -101,000000 0,000000 0,000000
1042 1701447477 0,200000 -1,000000 -101,000000 0,000000 0,000000
1042 1701447478 0,200000 -1,000000 -101,000000 0,000000 0,000000
1037 1701447479 10,400000 -1,000000 -101,000000 0,000000 0,000000
1037 1701447480 10,400000 -1,000000 -101,000000 0,000000 0,000000
1037 1701447481 10,400000 -1,000000 -101,000000 0,000000 0,000000
1037 1701447487 5,000000 -1,000000 -101,000000 0,000000 0,000000
1037 1701447488 5,000000 -1,000000 -101,000000 0,000000 0,000000
1042 1701447479 0,200000 -1,000000 -101,000000 0,000000 0,000000
1042 1701447480 0,200000 -1,000000 -101,000000 0,000000 0,000000
1042 1701447481 0,200000 -1,000000 -101,000000 0,000000 0,000000
1042 1701447487 0,200000 -1,000000 -101,000000 0,000000 0,000000
1042 1701447488 0,200000 -1,000000 -101,000000 0,000000 0,000000
1037 1701447489 5,000000 -1,000000 -101,000000 0,000000 0,000000
1037 1701447490 5,000000 -1,000000 -101,000000 0,000000 0,000000
1037 1701447491 5,000000 -1,000000 -101,000000 0,000000 0,000000
1037 1701447492 11,200000 -1,000000 -101,000000 0,000000 0,000000
1037 1701447493 11,200000 -1,000000 -101,000000 0,000000 0,000000
1037 1701447494 11,200000 -1,000000 -101,000000 0,000000 0,000000
1037 1701447495 11,200000 -1,000000 -101,000000 0,000000 0,000000
1037 1701447496 11,200000 -1,000000 -101,000000 0,000000 0,000000
1037 1701447497 4,200000 -1,000000 -101,000000 0,000000 0,000000
1037 1701447498 4,200000 -1,000000 -101,000000 0,000000 0,000000
1037 1701447499 4,200000 -1,000000 -101,000000 0,000000 0,000000
1037 1701447500 4,200000 -1,000000 -101,000000 0,000000 0,000000
1037 1701447501 4,200000 -1,000000 -101,000000 0,000000 0,000000
1042 1701447489 0,200000 -1,000000 -101,000000 0,000000 0,000000
1042 1701447490 0,200000 -1,000000 -101,000000 0,000000 0,000000
1042 1701447491 0,200000 -1,000000 -101,000000 0,000000 0,000000
1042 1701447492 0,400000 -1,000000 -101,000000 0,000000 0,000000
1042 1701447493 0,400000 -1,000000 -101,000000 0,000000 0,000000
1042 1701447494 0,400000 -1,000000 -101,000000 0,000000 0,000000
1042 1701447495 0,400000 -1,000000 -101,000000 0,000000 0,000000
1042 1701447496 0,400000 -1,000000 -101,000000 0,000000 0,000000
1042 1701447512 0,200000 -1,000000 -101,000000 0,000000 0,000000
1042 1701447513 0,200000 -1,000000 -101,000000 0,000000 0,000000
1037 1701447517 6,200000 -1,000000 -101,000000 0,000000 0,000000
1037 1701447518 6,200000 -1,000000 -101,000000 0,000000 0,000000
1037 1701447519 6,200000 -1,000000 -101,000000 0,000000 0,000000
1037 1701447520 6,200000 -1,000000 -101,000000 0,000000 0,000000
1037 1701447521 6,200000 -1,000000 -101,000000 0,000000 0,000000
1037 1701447522 3,400000 -1,000000 -101,000000 0,000000 0,000000
1037 1701447523 3,400000 -1,000000 -101,000000 0,000000 0,000000
1037 1701447524 3,400000 -1,000000 -101,000000 0,000000 0,000000
1037 1701447525 3,400000 -1,000000 -101,000000 0,000000 0,000000
1037 1701447526 3,400000 -1,000000 -101,000000 0,000000 0,000000
1037 1701447532 5,000000 -1,000000 -101,000000 0,000000 0,000000
1037 1701447533 5,000000 -1,000000 -101,000000 0,000000 0,000000
1042 1701447514 0,200000 -1,000000 -101,000000 0,000000 0,000000
1042 1701447515 0,200000 -1,000000 -101,000000 0,000000 0,000000
1042 1701447516 0,200000 -1,000000 -101,000000 0,000000 0,000000
1042 1701447532 0,400000 -1,000000 -101,000000 0,000000 0,000000
1042 1701447533 0,400000 -1,000000 -101,000000 0,000000 0,000000
1037 1701447534 5,000000 -1,000000 -101,000000 0,000000 0,000000
1037 1701447535 5,000000 -1,000000 -101,000000 0,000000 0,000000
1037 1701447536 5,000000 -1,000000 -101,000000 0,000000 0,000000
1037 1701447537 6,200000 -1,000000 -101,000000 0,000000 0,000000
1037 1701447538 6,200000 -1,000000 -101,000000 0,000000 0,000000
1037 1701447539 6,200000 -1,000000 -101,000000 0,000000 0,000000
1037 1701447540 6,200000 -1,000000 -101,000000 0,000000 0,000000
1037 1701447541 6,200000 -1,000000 -101,000000 0,000000 0,000000
1037 1701447542 5,000000 -1,000000 -101,000000 0,000000 0,000000
1037 1701447543 5,000000 -1,000000 -101,000000 0,000000 0,000000
1042 1701447534 0,400000 -1,000000 -101,000000 0,000000 0,000000
1042 1701447535 0,400000 -1,000000 -101,000000 0,000000 0,000000
1042 1701447536 0,400000 -1,000000 -101,000000 0,000000 0,000000
1042 1701447537 0,200000 -1,000000 -101,000000 0,000000 0,000000
1042 1701447538 0,200000 -1,000000 -101,000000 0,000000 0,000000
1042 1701447539 0,200000 -1,000000 -101,000000 0,000000 0,000000
1042 1701447540 0,200000 -1,000000 -101,000000 0,000000 0,000000
1042 1701447541 0,200000 -1,000000 -101,000000 0,000000 0,000000
1037 1701447544 5,000000 -1,000000 -101,000000 0,000000 0,000000
1037 1701447545 5,000000 -1,000000 -101,000000 0,000000 0,000000
1037 1701447546 5,000000 -1,000000 -101,000000 0,000000 0,000000
1037 1701447547 3,400000 -1,000000 -101,000000 0,000000 0,000000
1037 1701447548 3,400000 -1,000000 -101,000000 0,000000 0,000000
1042 1701447547 0,200000 -1,000000 -101,000000 0,000000 0,000000
1042 1701447548 0,200000 -1,000000 -101,000000 0,000000 0,000000
1037 1701447549 3,400000 -1,000000 -101,000000 0,000000 0,000000
1037 1701447550 3,400000 -1,000000 -101,000000 0,000000 0,000000
1037 1701447551 3,400000 -1,000000 -101,000000 0,000000 0,000000
1037 1701447552 10,400000 -1,000000 -101,000000 0,000000 0,000000
1037 1701447553 10,400000 -1,000000 -101,000000 0,000000 0,000000
1037 1701447554 10,400000 -1,000000 -101,000000 0,000000 0,000000
1037 1701447555 10,400000 -1,000000 -101,000000 0,000000 0,000000
1037 1701447556 10,400000 -1,000000 -101,000000 0,000000 0,000000
1037 1701447562 5,000000 -1,000000 -101,000000 0,000000 0,000000
1037 1701447563 5,000000 -1,000000 -101,000000 0,000000 0,000000
1037 1701447564 5,000000 -1,000000 -101,000000 0,000000 0,000000
1037 1701447565 5,000000 -1,000000 -101,000000 0,000000 0,000000
1037 1701447566 5,000000 -1,000000 -101,000000 0,000000 0,000000
1037 1701447567 4,200000 -1,000000 -101,000000 0,000000 0,000000
1037 1701447568 4,200000 -1,000000 -101,000000 0,000000 0,000000
1037 1701447569 4,200000 -1,000000 -101,000000 0,000000 0,000000
1037 1701447570 4,200000 -1,000000 -101,000000 0,000000 0,000000
1037 1701447571 4,200000 -1,000000 -101,000000 0,000000 0,000000
1037 1701447572 6,200000 -1,000000 -101,000000 0,000000 0,000000
1037 1701447573 6,200000 -1,000000 -101,000000 0,000000 0,000000
1042 1701447549 0,200000 -1,000000 -101,000000 0,000000 0,000000
1042 1701447550 0,200000 -1,000000 -101,000000 0,000000 0,000000
1042 1701447551 0,200000 -1,000000 -101,000000 0,000000 0,000000
1042 1701447562 0,200000 -1,000000 -101,000000 0,000000 0,000000
1042 1701447563 0,200000 -1,000000 -101,000000 0,000000 0,000000
1042 1701447564 0,200000 -1,000000 -101,000000 0,000000 0,000000
1042 1701447565 0,200000 -1,000000 -101,000000 0,000000 0,000000
1042 1701447566 0,200000 -1,000000 -101,000000 0,000000 0,000000
1042 1701447572 0,200000 -1,000000 -101,000000 0,000000 0,000000
1042 1701447573 0,200000 -1,000000 -101,000000 0,000000 0,000000
1037 1701447574 6,200000 -1,000000 -101,000000 0,000000 0,000000
1037 1701447575 6,200000 -1,000000 -101,000000 0,000000 0,000000
1037 1701447576 6,200000 -1,000000 -101,000000 0,000000 0,000000
1042 1701447574 0,200000 -1,000000 -101,000000 0,000000 0,000000
1042 1701447575 0,200000 -1,000000 -101,000000 0,000000 0,000000
1042 1701447576 0,200000 -1,000000 -101,000000 0,000000 0,000000
1037 1701447592 11,200000 -1,000000 -101,000000 0,000000 0,000000
1037 1701447593 11,200000 -1,000000 -101,000000 0,000000 0,000000
1042 1701447592 0,400000 -1,000000 -101,000000 0,000000 0,000000
1042 1701447593 0,400000 -1,000000 -101,000000 0,000000 0,000000
1037 1701447594 11,200000 -1,000000 -101,000000 0,000000 0,000000
1037 1701447595 11,200000 -1,000000 -101,000000 0,000000 0,000000
1037 1701447596 11,200000 -1,000000 -101,000000 0,000000 0,000000
1037 1701447602 5,000000 -1,000000 -101,000000 0,000000 0,000000
1037 1701447603 5,000000 -1,000000 -101,000000 0,000000 0,000000
1037 1701447604 5,000000 -1,000000 -101,000000 0,000000 0,000000
1037 1701447605 5,000000 -1,000000 -101,000000 0,000000 0,000000
1037 1701447606 5,000000 -1,000000 -101,000000 0,000000 0,000000
1037 1701447607 6,200000 -1,000000 -101,000000 0,000000 0,000000
1037 1701447608 6,200000 -1,000000 -101,000000 0,000000 0,000000
1042 1701447594 0,400000 -1,000000 -101,000000 0,000000 0,000000
1042 1701447595 0,400000 -1,000000 -101,000000 0,000000 0,000000
1042 1701447596 0,400000 -1,000000 -101,000000 0,000000 0,000000
1042 1701447602 0,200000 -1,000000 -101,000000 0,000000 0,000000
1042 1701447603 0,200000 -1,000000 -101,000000 0,000000 0,000000
1042 1701447604 0,200000 -1,000000 -101,000000 0,000000 0,000000
1042 1701447605 0,200000 -1,000000 -101,000000 0,000000 0,000000
1042 1701447606 0,200000 -1,000000 -101,000000 0,000000 0,000000
1042 1701447607 0,200000 -1,000000 -101,000000 0,000000 0,000000
1042 1701447608 0,200000 -1,000000 -101,000000 0,000000 0,000000
1037 1701447609 6,200000 -1,000000 -101,000000 0,000000 0,000000
1037 1701447610 6,200000 -1,000000 -101,000000 0,000000 0,000000
1037 1701447611 6,200000 -1,000000 -101,000000 0,000000 0,000000
1042 1701447609 0,200000 -1,000000 -101,000000 0,000000 0,000000
1042 1701447610 0,200000 -1,000000 -101,000000 0,000000 0,000000
1042 1701447611 0,200000 -1,000000 -101,000000 0,000000 0,000000
1037 1701447617 3,400000 -1,000000 -101,000000 0,000000 0,000000
1037 1701447618 3,400000 -1,000000 -101,000000 0,000000 0,000000
1037 1701447619 3,400000 -1,000000 -101,000000 0,000000 0,000000
1037 1701447620 3,400000 -1,000000 -101,000000 0,000000 0,000000
1037 1701447621 3,400000 -1,000000 -101,000000 0,000000 0,000000
1037 1701447627 4,200000 -1,000000 -101,000000 0,000000 0,000000
1037 1701447628 4,200000 -1,000000 -101,000000 0,000000 0,000000
1037 1701447629 4,200000 -1,000000 -101,000000 0,000000 0,000000
1037 1701447630 4,200000 -1,000000 -101,000000 0,000000 0,000000
1037 1701447631 4,200000 -1,000000 -101,000000 0,000000 0,000000
1037 1701447632 11,200000 -1,000000 -101,000000 0,000000 0,000000
1037 1701447633 11,200000 -1,000000 -101,000000 0,000000 0,000000
1037 1701447634 11,200000 -1,000000 -101,000000 0,000000 0,000000
1042 1701447632 0,400000 -1,000000 -101,000000 0,000000 0,000000
1042 1701447633 0,400000 -1,000000 -101,000000 0,000000 0,000000
1042 1701447634 0,400000 -1,000000 -101,000000 0,000000 0,000000
1037 1701447635 11,200000 -1,000000 -101,000000 0,000000 0,000000
1037 1701447636 11,200000 -1,000000 -101,000000 0,000000 0,000000
1037 1701447642 12,600000 -1,000000 -101,000000 0,000000 0,000000
1037 1701447643 12,600000 -1,000000 -101,000000 0,000000 0,000000
1037 1701447644 12,600000 -1,000000 -101,000000 0,000000 0,000000
1042 1701447635 0,400000 -1,000000 -101,000000 0,000000 0,000000
1042 1701447636 0,400000 -1,000000 -101,000000 0,000000 0,000000
1042 1701447642 0,200000 -1,000000 -101,000000 0,000000 0,000000
1042 1701447643 0,200000 -1,000000 -101,000000 0,000000 0,000000
1042 1701447644 0,200000 -1,000000 -101,000000 0,000000 0,000000
1037 1701447645 12,600000 -1,000000 -101,000000 0,000000 0,000000
1037 1701447646 12,600000 -1,000000 -101,000000 0,000000 0,000000
1042 1701447645 0,200000 -1,000000 -101,000000 0,000000 0,000000
1042 1701447646 0,200000 -1,000000 -101,000000 0,000000 0,000000
1037 1701447652 6,200000 -1,000000 -101,000000 0,000000 0,000000
1037 1701447653 6,200000 -1,000000 -101,000000 0,000000 0,000000
1037 1701447654 6,200000 -1,000000 -101,000000 0,000000 0,000000
1037 1701447655 6,200000 -1,000000 -101,000000 0,000000 0,000000
1037 1701447656 6,200000 -1,000000 -101,000000 0,000000 0,000000
1042 1701447652 0,200000 -1,000000 -101,000000 0,000000 0,000000
1042 1701447653 0,200000 -1,000000 -101,000000 0,000000 0,000000
1042 1701447654 0,200000 -1,000000 -101,000000 0,000000 0,000000
1042 1701447655 0,200000 -1,000000 -101,000000 0,000000 0,000000
1042 1701447656 0,200000 -1,000000 -101,000000 0,000000 0,000000
1037 1701447667 6,200000 -1,000000 -101,000000 0,000000 0,000000
1037 1701447668 6,200000 -1,000000 -101,000000 0,000000 0,000000
1037 1701447669 6,200000 -1,000000 -101,000000 0,000000 0,000000
1037 1701447670 6,200000 -1,000000 -101,000000 0,000000 0,000000
1037 1701447671 6,200000 -1,000000 -101,000000 0,000000 0,000000
1037 1701447672 5,000000 -1,000000 -101,000000 0,000000 0,000000
1037 1701447673 5,000000 -1,000000 -101,000000 0,000000 0,000000
1037 1701447674 5,000000 -1,000000 -101,000000 0,000000 0,000000
1037 1701447675 5,000000 -1,000000 -101,000000 0,000000 0,000000
1037 1701447676 5,000000 -1,000000 -101,000000 0,000000 0,000000
1042 1701447667 0,200000 -1,000000 -101,000000 0,000000 0,000000
1042 1701447668 0,200000 -1,000000 -101,000000 0,000000 0,000000
1042 1701447669 0,200000 -1,000000 -101,000000 0,000000 0,000000
1042 1701447670 0,200000 -1,000000 -101,000000 0,000000 0,000000
1042 1701447671 0,200000 -1,000000 -101,000000 0,000000 0,000000
1042 1701447672 0,200000 -1,000000 -101,000000 0,000000 0,000000
1042 1701447673 0,200000 -1,000000 -101,000000 0,000000 0,000000
1042 1701447674 0,200000 -1,000000 -101,000000 0,000000 0,000000
1042 1701447675 0,200000 -1,000000 -101,000000 0,000000 0,000000
1042 1701447676 0,200000 -1,000000 -101,000000 0,000000 0,000000
1037 1701447687 6,200000 -1,000000 -101,000000 0,000000 0,000000
1037 1701447688 6,200000 -1,000000 -101,000000 0,000000 0,000000
1037 1701447689 6,200000 -1,000000 -101,000000 0,000000 0,000000
1042 1701447687 0,200000 -1,000000 -101,000000 0,000000 0,000000
1042 1701447688 0,200000 -1,000000 -101,000000 0,000000 0,000000
1042 1701447689 0,200000 -1,000000 -101,000000 0,000000 0,000000
1037 1701447690 6,200000 -1,000000 -101,000000 0,000000 0,000000
1037 1701447691 6,200000 -1,000000 -101,000000 0,000000 0,000000
1037 1701447692 5,000000 -1,000000 -101,000000 0,000000 0,000000
1037 1701447693 5,000000 -1,000000 -101,000000 0,000000 0,000000
1037 1701447694 5,000000 -1,000000 -101,000000 0,000000 0,000000
1037 1701447695 5,000000 -1,000000 -101,000000 0,000000 0,000000
1037 1701447696 5,000000 -1,000000 -101,000000 0,000000 0,000000
1037 1701447697 4,200000 -1,000000 -101,000000 0,000000 0,000000
1037 1701447698 4,200000 -1,000000 -101,000000 0,000000 0,000000
1037 1701447699 4,200000 -1,000000 -101,000000 0,000000 0,000000
1037 1701447700 4,200000 -1,000000 -101,000000 0,000000 0,000000
1037 1701447701 4,200000 -1,000000 -101,000000 0,000000 0,000000
1037 1701447702 5,000000 -1,000000 -101,000000 0,000000 0,000000
1037 1701447703 5,000000 -1,000000 -101,000000 0,000000 0,000000
1037 1701447704 5,000000 -1,000000 -101,000000 0,000000 0,000000
1037 1701447705 5,000000 -1,000000 -101,000000 0,000000 0,000000
1037 1701447706 5,000000 -1,000000 -101,000000 0,000000 0,000000
1037 1701447707 6,200000 -1,000000 -101,000000 0,000000 0,000000
1037 1701447708 6,200000 -1,000000 -101,000000 0,000000 0,000000
1037 1701447709 6,200000 -1,000000 -101,000000 0,000000 0,000000
1042 1701447690 0,200000 -1,000000 -101,000000 0,000000 0,000000
1042 1701447691 0,200000 -1,000000 -101,000000 0,000000 0,000000
1042 1701447692 0,200000 -1,000000 -101,000000 0,000000 0,000000
1042 1701447693 0,200000 -1,000000 -101,000000 0,000000 0,000000
1042 1701447694 0,200000 -1,000000 -101,000000 0,000000 0,000000
1042 1701447695 0,200000 -1,000000 -101,000000 0,000000 0,000000
1042 1701447696 0,200000 -1,000000 -101,000000 0,000000 0,000000
1042 1701447702 0,200000 -1,000000 -101,000000 0,000000 0,000000
1042 1701447703 0,200000 -1,000000 -101,000000 0,000000 0,000000
1042 1701447704 0,200000 -1,000000 -101,000000 0,000000 0,000000
1042 1701447705 0,200000 -1,000000 -101,000000 0,000000 0,000000
1042 1701447706 0,200000 -1,000000 -101,000000 0,000000 0,000000
1042 1701447707 0,200000 -1,000000 -101,000000 0,000000 0,000000
1042 1701447708 0,200000 -1,000000 -101,000000 0,000000 0,000000
1042 1701447709 0,200000 -1,000000 -101,000000 0,000000 0,000000
1037 1701447710 6,200000 -1,000000 -101,000000 0,000000 0,000000
1037 1701447711 6,200000 -1,000000 -101,000000 0,000000 0,000000
1037 1701447712 3,400000 -1,000000 -101,000000 0,000000 0,000000
1037 1701447713 3,400000 -1,000000 -101,000000 0,000000 0,000000
1037 1701447714 3,400000 -1,000000 -101,000000 0,000000 0,000000
1042 1701447710 0,200000 -1,000000 -101,000000 0,000000 0,000000
1042 1701447711 0,200000 -1,000000 -101,000000 0,000000 0,000000
1037 1701447715 3,400000 -1,000000 -101,000000 0,000000 0,000000
1037 1701447716 3,400000 -1,000000 -101,000000 0,000000 0,000000
1037 1701447717 4,200000 -1,000000 -101,000000 0,000000 0,000000
1037 1701447718 4,200000 -1,000000 -101,000000 0,000000 0,000000
1037 1701447719 4,200000 -1,000000 -101,000000 0,000000 0,000000
1037 1701447720 4,200000 -1,000000 -101,000000 0,000000 0,000000
1037 1701447721 4,200000 -1,000000 -101,000000 0,000000 0,000000
1037 1701447722 6,200000 -1,000000 -101,000000 0,000000 0,000000
1037 1701447723 6,200000 -1,000000 -101,000000 0,000000 0,000000
1037 1701447724 6,200000 -1,000000 -101,000000 0,000000 0,000000
1042 1701447722 0,200000 -1,000000 -101,000000 0,000000 0,000000
1042 1701447723 0,200000 -1,000000 -101,000000 0,000000 0,000000
1042 1701447724 0,200000 -1,000000 -101,000000 0,000000 0,000000
1037 1701447725 6,200000 -1,000000 -101,000000 0,000000 0,000000
1037 1701447726 6,200000 -1,000000 -101,000000 0,000000 0,000000
1042 1701447725 0,200000 -1,000000 -101,000000 0,000000 0,000000
1042 1701447726 0,200000 -1,000000 -101,000000 0,000000 0,000000
1037 1701447737 3,400000 -1,000000 -101,000000 0,000000 0,000000
1037 1701447738 3,400000 -1,000000 -101,000000 0,000000 0,000000
1037 1701447739 3,400000 -1,000000 -101,000000 0,000000 0,000000
1042 1701447742 0,400000 -1,000000 -101,000000 0,000000 0,000000
1042 1701447743 0,400000 -1,000000 -101,000000 0,000000 0,000000
1042 1701447744 0,400000 -1,000000 -101,000000 0,000000 0,000000
1037 1701447740 3,400000 -1,000000 -101,000000 0,000000 0,000000
1037 1701447741 3,400000 -1,000000 -101,000000 0,000000 0,000000
1037 1701447742 5,000000 -1,000000 -101,000000 0,000000 0,000000
1037 1701447743 5,000000 -1,000000 -101,000000 0,000000 0,000000
1037 1701447744 5,000000 -1,000000 -101,000000 0,000000 0,000000
1037 1701447745 5,000000 -1,000000 -101,000000 0,000000 0,000000
1037 1701447746 5,000000 -1,000000 -101,000000 0,000000 0,000000
1037 1701447747 11,200000 -1,000000 -101,000000 0,000000 0,000000
1037 1701447748 11,200000 -1,000000 -101,000000 0,000000 0,000000
1037 1701447749 11,200000 -1,000000 -101,000000 0,000000 0,000000
1037 1701447750 11,200000 -1,000000 -101,000000 0,000000 0,000000
1037 1701447751 11,200000 -1,000000 -101,000000 0,000000 0,000000
1042 1701447745 0,400000 -1,000000 -101,000000 0,000000 0,000000
1042 1701447746 0,400000 -1,000000 -101,000000 0,000000 0,000000
1042 1701447747 0,200000 -1,000000 -101,000000 0,000000 0,000000
1042 1701447748 0,200000 -1,000000 -101,000000 0,000000 0,000000
1042 1701447749 0,200000 -1,000000 -101,000000 0,000000 0,000000
1042 1701447750 0,200000 -1,000000 -101,000000 0,000000 0,000000
1042 1701447751 0,200000 -1,000000 -101,000000 0,000000 0,000000
1037 1701447767 6,200000 -1,000000 -101,000000 0,000000 0,000000
1037 1701447768 6,200000 -1,000000 -101,000000 0,000000 0,000000
1037 1701447769 6,200000 -1,000000 -101,000000 0,000000 0,000000
1037 1701447770 6,200000 -1,000000 -101,000000 0,000000 0,000000
1037 1701447771 6,200000 -1,000000 -101,000000 0,000000 0,000000
1037 1701447772 4,200000 -1,000000 -101,000000 0,000000 0,000000
1037 1701447773 4,200000 -1,000000 -101,000000 0,000000 0,000000
1037 1701447774 4,200000 -1,000000 -101,000000 0,000000 0,000000
1037 1701447775 4,200000 -1,000000 -101,000000 0,000000 0,000000
1037 1701447776 4,200000 -1,000000 -101,000000 0,000000 0,000000
1037 1701447777 5,000000 -1,000000 -101,000000 0,000000 0,000000
1037 1701447778 5,000000 -1,000000 -101,000000 0,000000 0,000000
1037 1701447779 5,000000 -1,000000 -101,000000 0,000000 0,000000
1037 1701447780 5,000000 -1,000000 -101,000000 0,000000 0,000000
1037 1701447781 5,000000 -1,000000 -101,000000 0,000000 0,000000
1037 1701447782 6,200000 -1,000000 -101,000000 0,000000 0,000000
1037 1701447783 6,200000 -1,000000 -101,000000 0,000000 0,000000
1037 1701447784 6,200000 -1,000000 -101,000000 0,000000 0,000000
1042 1701447767 0,200000 -1,000000 -101,000000 0,000000 0,000000
1042 1701447768 0,200000 -1,000000 -101,000000 0,000000 0,000000
1042 1701447769 0,200000 -1,000000 -101,000000 0,000000 0,000000
1042 1701447770 0,200000 -1,000000 -101,000000 0,000000 0,000000
1042 1701447771 0,200000 -1,000000 -101,000000 0,000000 0,000000
1042 1701447772 0,200000 -1,000000 -101,000000 0,000000 0,000000
1042 1701447773 0,200000 -1,000000 -101,000000 0,000000 0,000000
1042 1701447774 0,200000 -1,000000 -101,000000 0,000000 0,000000
1042 1701447775 0,200000 -1,000000 -101,000000 0,000000 0,000000
1042 1701447776 0,200000 -1,000000 -101,000000 0,000000 0,000000
1042 1701447782 0,200000 -1,000000 -101,000000 0,000000 0,000000
1042 1701447783 0,200000 -1,000000 -101,000000 0,000000 0,000000
1042 1701447784 0,200000 -1,000000 -101,000000 0,000000 0,000000
1037 1701447785 6,200000 -1,000000 -101,000000 0,000000 0,000000
1037 1701447786 6,200000 -1,000000 -101,000000 0,000000 0,000000
1042 1701447785 0,200000 -1,000000 -101,000000 0,000000 0,000000
1042 1701447786 0,200000 -1,000000 -101,000000 0,000000 0,000000
1037 1701447792 4,200000 -1,000000 -101,000000 0,000000 0,000000
1037 1701447793 4,200000 -1,000000 -101,000000 0,000000 0,000000
1037 1701447794 4,200000 -1,000000 -101,000000 0,000000 0,000000
1037 1701447795 4,200000 -1,000000 -101,000000 0,000000 0,000000
1037 1701447796 4,200000 -1,000000 -101,000000 0,000000 0,000000
1037 1701447797 5,000000 -1,000000 -101,000000 0,000000 0,000000
1037 1701447798 5,000000 -1,000000 -101,000000 0,000000 0,000000
1037 1701447799 5,000000 -1,000000 -101,000000 0,000000 0,000000
1037 1701447800 5,000000 -1,000000 -101,000000 0,000000 0,000000
1037 1701447801 5,000000 -1,000000 -101,000000 0,000000 0,000000
1042 1701447792 0,200000 -1,000000 -101,000000 0,000000 0,000000
1042 1701447793 0,200000 -1,000000 -101,000000 0,000000 0,000000
1042 1701447794 0,200000 -1,000000 -101,000000 0,000000 0,000000
1042 1701447795 0,200000 -1,000000 -101,000000 0,000000 0,000000
1042 1701447796 0,200000 -1,000000 -101,000000 0,000000 0,000000
1042 1701447802 0,200000 -1,000000 -101,000000 0,000000 0,000000
1042 1701447803 0,200000 -1,000000 -101,000000 0,000000 0,000000
1042 1701447804 0,200000 -1,000000 -101,000000 0,000000 0,000000
1037 1701447807 9,600000 -1,000000 -101,000000 0,000000 0,000000
1037 1701447808 9,600000 -1,000000 -101,000000 0,000000 0,000000
1037 1701447809 9,600000 -1,000000 -101,000000 0,000000 0,000000
1037 1701447810 9,600000 -1,000000 -101,000000 0,000000 0,000000
1037 1701447811 9,600000 -1,000000 -101,000000 0,000000 0,000000
1037 1701447817 5,000000 -1,000000 -101,000000 0,000000 0,000000
1037 1701447818 5,000000 -1,000000 -101,000000 0,000000 0,000000
1037 1701447819 5,000000 -1,000000 -101,000000 0,000000 0,000000
1037 1701447820 5,000000 -1,000000 -101,000000 0,000000 0,000000
1037 1701447821 5,000000 -1,000000 -101,000000 0,000000 0,000000
1042 1701447805 0,200000 -1,000000 -101,000000 0,000000 0,000000
1042 1701447806 0,200000 -1,000000 -101,000000 0,000000 0,000000
1042 1701447817 0,200000 -1,000000 -101,000000 0,000000 0,000000
1042 1701447818 0,200000 -1,000000 -101,000000 0,000000 0,000000
1042 1701447819 0,200000 -1,000000 -101,000000 0,000000 0,000000
1042 1701447820 0,200000 -1,000000 -101,000000 0,000000 0,000000
1042 1701447821 0,200000 -1,000000 -101,000000 0,000000 0,000000
1042 1701447822 0,200000 -1,000000 -101,000000 0,000000 0,000000
1042 1701447823 0,200000 -1,000000 -101,000000 0,000000 0,000000
1042 1701447824 0,200000 -1,000000 -101,000000 0,000000 0,000000
1037 1701447827 6,200000 -1,000000 -101,000000 0,000000 0,000000
1037 1701447828 6,200000 -1,000000 -101,000000 0,000000 0,000000
1037 1701447829 6,200000 -1,000000 -101,000000 0,000000 0,000000
1042 1701447825 0,200000 -1,000000 -101,000000 0,000000 0,000000
1042 1701447826 0,200000 -1,000000 -101,000000 0,000000 0,000000
1037 1701447830 6,200000 -1,000000 -101,000000 0,000000 0,000000
1037 1701447831 6,200000 -1,000000 -101,000000 0,000000 0,000000
1037 1701447832 3,400000 -1,000000 -101,000000 0,000000 0,000000
1037 1701447833 3,400000 -1,000000 -101,000000 0,000000 0,000000
1037 1701447834 3,400000 -1,000000 -101,000000 0,000000 0,000000
1037 1701447835 3,400000 -1,000000 -101,000000 0,000000 0,000000
1037 1701447836 3,400000 -1,000000 -101,000000 0,000000 0,000000
1037 1701447842 6,200000 -1,000000 -101,000000 0,000000 0,000000
1037 1701447843 6,200000 -1,000000 -101,000000 0,000000 0,000000
1037 1701447844 6,200000 -1,000000 -101,000000 0,000000 0,000000
1037 1701447906 3,400000 -1,000000 3,400000 3,400000 0,000000
1037 1701447905 3,400000 -1,000000 3,400000 3,400000 0,000000
1037 1701447904 3,400000 -1,000000 3,400000 3,400000 0,000000
1037 1701447903 3,400000 -1,000000 3,400000 3,400000 0,000000
1037 1701447902 3,400000 -1,000000 3,400000 3,400000 0,000000
1037 1701447901 11,200000 -1,000000 11,200000 11,200000 0,000000
1037 1701447900 11,200000 -1,000000 11,200000 11,200000 0,000000
1037 1701447899 11,200000 -1,000000 11,200000 11,200000 0,000000
1037 1701447898 11,200000 -1,000000 11,200000 11,200000 0,000000
1037 1701447897 11,200000 -1,000000 11,200000 11,200000 0,000000
1037 1701447891 5,000000 -1,000000 5,000000 5,000000 0,000000
1037 1701447890 5,000000 -1,000000 5,000000 5,000000 0,000000
1037 1701447889 5,000000 -1,000000 5,000000 5,000000 0,000000
1037 1701447888 5,000000 -1,000000 5,000000 5,000000 0,000000
1037 1701447887 5,000000 -1,000000 5,000000 5,000000 0,000000
1037 1701447886 6,200000 -1,000000 6,200000 6,200000 0,000000
1037 1701447885 6,200000 -1,000000 6,200000 6,200000 0,000000
1037 1701447884 6,200000 -1,000000 6,200000 6,200000 0,000000
1037 1701447883 6,200000 -1,000000 6,200000 6,200000 0,000000
1037 1701447882 6,200000 -1,000000 6,200000 6,200000 0,000000
1037 1701447871 4,200000 -1,000000 4,200000 4,200000 0,000000
1037 1701447870 4,200000 -1,000000 4,200000 4,200000 0,000000
1037 1701447869 4,200000 -1,000000 4,200000 4,200000 0,000000
1037 1701447868 4,200000 -1,000000 4,200000 4,200000 0,000000
1037 1701447867 4,200000 -1,000000 4,200000 4,200000 0,000000
1037 1701447866 6,200000 -1,000000 6,200000 6,200000 0,000000
1037 1701447865 6,200000 -1,000000 6,200000 6,200000 0,000000
1037 1701447864 6,200000 -1,000000 6,200000 6,200000 0,000000
1037 1701447863 6,200000 -1,000000 6,200000 6,200000 0,000000
1037 1701447862 6,200000 -1,000000 6,200000 6,200000 0,000000
1037 1701447851 14,200000 -1,000000 14,200000 14,200000 0,000000
1037 1701447850 14,200000 -1,000000 14,200000 14,200000 0,000000
1037 1701447849 14,200000 -1,000000 14,200000 14,200000 0,000000
1037 1701447848 14,200000 -1,000000 14,200000 14,200000 0,000000
1037 1701447847 14,200000 -1,000000 14,200000 14,200000 0,000000
1037 1701447846 6,200000 -1,000000 6,200000 6,200000 0,000000
1037 1701447845 6,200000 -1,000000 6,200000 6,200000 0,000000
1042 1701447901 0,400000 -1,000000 0,400000 0,400000 0,000000
1042 1701447900 0,400000 -1,000000 0,400000 0,400000 0,000000
1042 1701447899 0,400000 -1,000000 0,400000 0,400000 0,000000
1042 1701447898 0,400000 -1,000000 0,400000 0,400000 0,000000
1042 1701447897 0,400000 -1,000000 0,400000 0,400000 0,000000
1042 1701447891 0,200000 -1,000000 0,200000 0,200000 0,000000
1042 1701447890 0,200000 -1,000000 0,200000 0,200000 0,000000
1042 1701447889 0,200000 -1,000000 0,200000 0,200000 0,000000
1042 1701447888 0,200000 -1,000000 0,200000 0,200000 0,000000
1042 1701447887 0,200000 -1,000000 0,200000 0,200000 0,000000
1042 1701447886 0,200000 -1,000000 0,200000 0,200000 0,000000
1042 1701447885 0,200000 -1,000000 0,200000 0,200000 0,000000
1042 1701447884 0,200000 -1,000000 0,200000 0,200000 0,000000
1042 1701447883 0,200000 -1,000000 0,200000 0,200000 0,000000
1042 1701447882 0,200000 -1,000000 0,200000 0,200000 0,000000
1042 1701447866 0,200000 -1,000000 0,200000 0,200000 0,000000
1042 1701447865 0,200000 -1,000000 0,200000 0,200000 0,000000
1042 1701447864 0,200000 -1,000000 0,200000 0,200000 0,000000
1042 1701447863 0,200000 -1,000000 0,200000 0,200000 0,000000
1042 1701447862 0,200000 -1,000000 0,200000 0,200000 0,000000
1042 1701447851 0,400000 -1,000000 0,400000 0,400000 0,000000
1042 1701447850 0,400000 -1,000000 0,400000 0,400000 0,000000
1042 1701447849 0,400000 -1,000000 0,400000 0,400000 0,000000
1042 1701447848 0,400000 -1,000000 0,400000 0,400000 0,000000
1042 1701447847 0,400000 -1,000000 0,400000 0,400000 0,000000
1042 1701447846 0,200000 -1,000000 0,200000 0,200000 0,000000
1042 1701447845 0,200000 -1,000000 0,200000 0,200000 0,000000
1042 1701447844 0,200000 -1,000000 0,200000 0,200000 0,000000
1042 1701447843 0,200000 -1,000000 0,200000 0,200000 0,000000
1042 1701447842 0,200000 -1,000000 0,200000 0,200000 0,000000
1037 1701447845 6,200000 -1,000000 -101,000000 0,000000 0,000000
1037 1701447846 6,200000 -1,000000 -101,000000 0,000000 0,000000
1037 1701447847 14,200000 -1,000000 -101,000000 0,000000 0,000000
1037 1701447848 14,200000 -1,000000 -101,000000 0,000000 0,000000
1037 1701447849 14,200000 -1,000000 -101,000000 0,000000 0,000000
1037 1701447850 14,200000 -1,000000 -101,000000 0,000000 0,000000
1037 1701447851 14,200000 -1,000000 -101,000000 0,000000 0,000000
1042 1701447842 0,200000 -1,000000 -101,000000 0,000000 0,000000
1042 1701447843 0,200000 -1,000000 -101,000000 0,000000 0,000000
1042 1701447844 0,200000 -1,000000 -101,000000 0,000000 0,000000
1042 1701447845 0,200000 -1,000000 -101,000000 0,000000 0,000000
1042 1701447846 0,200000 -1,000000 -101,000000 0,000000 0,000000
1042 1701447847 0,400000 -1,000000 -101,000000 0,000000 0,000000
1042 1701447848 0,400000 -1,000000 -101,000000 0,000000 0,000000
1042 1701447849 0,400000 -1,000000 -101,000000 0,000000 0,000000
1042 1701447850 0,400000 -1,000000 -101,000000 0,000000 0,000000
1042 1701447851 0,400000 -1,000000 -101,000000 0,000000 0,000000
1037 1701447862 6,200000 -1,000000 -101,000000 0,000000 0,000000
1037 1701447863 6,200000 -1,000000 -101,000000 0,000000 0,000000
1037 1701447864 6,200000 -1,000000 -101,000000 0,000000 0,000000
1042 1701447862 0,200000 -1,000000 -101,000000 0,000000 0,000000
1042 1701447863 0,200000 -1,000000 -101,000000 0,000000 0,000000
1042 1701447864 0,200000 -1,000000 -101,000000 0,000000 0,000000
1037 1701447865 6,200000 -1,000000 -101,000000 0,000000 0,000000
1037 1701447866 6,200000 -1,000000 -101,000000 0,000000 0,000000
1037 1701447867 4,200000 -1,000000 -101,000000 0,000000 0,000000
1037 1701447868 4,200000 -1,000000 -101,000000 0,000000 0,000000
1037 1701447869 4,200000 -1,000000 -101,000000 0,000000 0,000000
1037 1701447870 4,200000 -1,000000 -101,000000 0,000000 0,000000
1037 1701447871 4,200000 -1,000000 -101,000000 0,000000 0,000000
1037 1701447882 6,200000 -1,000000 -101,000000 0,000000 0,000000
1037 1701447883 6,200000 -1,000000 -101,000000 0,000000 0,000000
1037 1701447884 6,200000 -1,000000 -101,000000 0,000000 0,000000
1042 1701447865 0,200000 -1,000000 -101,000000 0,000000 0,000000
1042 1701447866 0,200000 -1,000000 -101,000000 0,000000 0,000000
1042 1701447882 0,200000 -1,000000 -101,000000 0,000000 0,000000
1042 1701447883 0,200000 -1,000000 -101,000000 0,000000 0,000000
1042 1701447884 0,200000 -1,000000 -101,000000 0,000000 0,000000
1037 1701447885 6,200000 -1,000000 -101,000000 0,000000 0,000000
1037 1701447886 6,200000 -1,000000 -101,000000 0,000000 0,000000
1037 1701447887 5,000000 -1,000000 -101,000000 0,000000 0,000000
1037 1701447888 5,000000 -1,000000 -101,000000 0,000000 0,000000
1037 1701447889 5,000000 -1,000000 -101,000000 0,000000 0,000000
1042 1701447885 0,200000 -1,000000 -101,000000 0,000000 0,000000
1042 1701447886 0,200000 -1,000000 -101,000000 0,000000 0,000000
1042 1701447887 0,200000 -1,000000 -101,000000 0,000000 0,000000
1042 1701447888 0,200000 -1,000000 -101,000000 0,000000 0,000000
1042 1701447889 0,200000 -1,000000 -101,000000 0,000000 0,000000
1037 1701447890 5,000000 -1,000000 -101,000000 0,000000 0,000000
1037 1701447891 5,000000 -1,000000 -101,000000 0,000000 0,000000
1037 1701447897 11,200000 -1,000000 -101,000000 0,000000 0,000000
1037 1701447898 11,200000 -1,000000 -101,000000 0,000000 0,000000
1037 1701447899 11,200000 -1,000000 -101,000000 0,000000 0,000000
1042 1701447890 0,200000 -1,000000 -101,000000 0,000000 0,000000
1042 1701447891 0,200000 -1,000000 -101,000000 0,000000 0,000000
1042 1701447897 0,400000 -1,000000 -101,000000 0,000000 0,000000
1042 1701447898 0,400000 -1,000000 -101,000000 0,000000 0,000000
1042 1701447899 0,400000 -1,000000 -101,000000 0,000000 0,000000
1037 1701447900 11,200000 -1,000000 -101,000000 0,000000 0,000000
1037 1701447901 11,200000 -1,000000 -101,000000 0,000000 0,000000
1037 1701447902 3,400000 -1,000000 -101,000000 0,000000 0,000000
1037 1701447903 3,400000 -1,000000 -101,000000 0,000000 0,000000
1037 1701447904 3,400000 -1,000000 -101,000000 0,000000 0,000000
1037 1701447905 3,400000 -1,000000 -101,000000 0,000000 0,000000
1037 1701447906 3,400000 -1,000000 -101,000000 0,000000 0,000000
1037 1701447917 5,000000 -1,000000 -101,000000 0,000000 0,000000
1037 1701447918 5,000000 -1,000000 -101,000000 0,000000 0,000000
1037 1701447919 5,000000 -1,000000 -101,000000 0,000000 0,000000
1042 1701447900 0,400000 -1,000000 -101,000000 0,000000 0,000000
1042 1701447901 0,400000 -1,000000 -101,000000 0,000000 0,000000
1042 1701447917 0,200000 -1,000000 -101,000000 0,000000 0,000000
1042 1701447918 0,200000 -1,000000 -101,000000 0,000000 0,000000
1042 1701447919 0,200000 -1,000000 -101,000000 0,000000 0,000000
1037 1701447920 5,000000 -1,000000 -101,000000 0,000000 0,000000
1037 1701447921 5,000000 -1,000000 -101,000000 0,000000 0,000000
1037 1701447922 10,400000 -1,000000 -101,000000 0,000000 0,000000
1037 1701447923 10,400000 -1,000000 -101,000000 0,000000 0,000000
1037 1701447924 10,400000 -1,000000 -101,000000 0,000000 0,000000
1037 1701447925 10,400000 -1,000000 -101,000000 0,000000 0,000000
1037 1701447926 10,400000 -1,000000 -101,000000 0,000000 0,000000
1037 1701447927 3,400000 -1,000000 -101,000000 0,000000 0,000000
1037 1701447928 3,400000 -1,000000 -101,000000 0,000000 0,000000
1037 1701447929 3,400000 -1,000000 -101,000000 0,000000 0,000000
1042 1701447920 0,200000 -1,000000 -101,000000 0,000000 0,000000
1042 1701447921 0,200000 -1,000000 -101,000000 0,000000 0,000000
1042 1701447922 0,200000 -1,000000 -101,000000 0,000000 0,000000
1042 1701447923 0,200000 -1,000000 -101,000000 0,000000 0,000000
1042 1701447924 0,200000 -1,000000 -101,000000 0,000000 0,000000
1042 1701447925 0,200000 -1,000000 -101,000000 0,000000 0,000000
1042 1701447926 0,200000 -1,000000 -101,000000 0,000000 0,000000
1037 1701447930 3,400000 -1,000000 -101,000000 0,000000 0,000000
1037 1701447931 3,400000 -1,000000 -101,000000 0,000000 0,000000
1037 1701447942 10,400000 -1,000000 -101,000000 0,000000 0,000000
1037 1701447943 10,400000 -1,000000 -101,000000 0,000000 0,000000
1037 1701447944 10,400000 -1,000000 -101,000000 0,000000 0,000000
1042 1701447942 0,200000 -1,000000 -101,000000 0,000000 0,000000
1042 1701447943 0,200000 -1,000000 -101,000000 0,000000 0,000000
1042 1701447944 0,200000 -1,000000 -101,000000 0,000000 0,000000
1042 1701447945 0,200000 -1,000000 -101,000000 0,000000 0,000000
1042 1701447946 0,200000 -1,000000 -101,000000 0,000000 0,000000
1042 1701447947 0,200000 -1,000000 -101,000000 0,000000 0,000000
1042 1701447948 0,200000 -1,000000 -101,000000 0,000000 0,000000
1042 1701447949 0,200000 -1,000000 -101,000000 0,000000 0,000000
1042 1701447950 0,200000 -1,000000 -101,000000 0,000000 0,000000
1042 1701447951 0,200000 -1,000000 -101,000000 0,000000 0,000000
1037 1701447945 10,400000 -1,000000 -101,000000 0,000000 0,000000
1037 1701447946 10,400000 -1,000000 -101,000000 0,000000 0,000000
1037 1701447947 5,000000 -1,000000 -101,000000 0,000000 0,000000
1037 1701447948 5,000000 -1,000000 -101,000000 0,000000 0,000000
1037 1701447949 5,000000 -1,000000 -101,000000 0,000000 0,000000
1037 1701447950 5,000000 -1,000000 -101,000000 0,000000 0,000000
1037 1701447951 5,000000 -1,000000 -101,000000 0,000000 0,000000
1037 1701447957 11,200000 -1,000000 -101,000000 0,000000 0,000000
1037 1701447958 11,200000 -1,000000 -101,000000 0,000000 0,000000
1037 1701447959 11,200000 -1,000000 -101,000000 0,000000 0,000000
1037 1701447960 11,200000 -1,000000 -101,000000 0,000000 0,000000
1037 1701447961 11,200000 -1,000000 -101,000000 0,000000 0,000000
1042 1701447957 0,400000 -1,000000 -101,000000 0,000000 0,000000
1042 1701447958 0,400000 -1,000000 -101,000000 0,000000 0,000000
1042 1701447959 0,400000 -1,000000 -101,000000 0,000000 0,000000
1042 1701447960 0,400000 -1,000000 -101,000000 0,000000 0,000000
1042 1701447961 0,400000 -1,000000 -101,000000 0,000000 0,000000
1037 1701447977 6,200000 -1,000000 -101,000000 0,000000 0,000000
1037 1701447978 6,200000 -1,000000 -101,000000 0,000000 0,000000
1037 1701447979 6,200000 -1,000000 -101,000000 0,000000 0,000000
1042 1701447977 0,200000 -1,000000 -101,000000 0,000000 0,000000
1042 1701447978 0,200000 -1,000000 -101,000000 0,000000 0,000000
1042 1701447979 0,200000 -1,000000 -101,000000 0,000000 0,000000
1042 1701447980 0,200000 -1,000000 -101,000000 0,000000 0,000000
1042 1701447981 0,200000 -1,000000 -101,000000 0,000000 0,000000
1042 1701447987 0,200000 -1,000000 -101,000000 0,000000 0,000000
1042 1701447988 0,200000 -1,000000 -101,000000 0,000000 0,000000
1042 1701447989 0,200000 -1,000000 -101,000000 0,000000 0,000000
1037 1701447980 6,200000 -1,000000 -101,000000 0,000000 0,000000
1037 1701447981 6,200000 -1,000000 -101,000000 0,000000 0,000000
1037 1701447987 5,000000 -1,000000 -101,000000 0,000000 0,000000
1037 1701447988 5,000000 -1,000000 -101,000000 0,000000 0,000000
1037 1701447989 5,000000 -1,000000 -101,000000 0,000000 0,000000
1037 1701447990 5,000000 -1,000000 -101,000000 0,000000 0,000000
1037 1701447991 5,000000 -1,000000 -101,000000 0,000000 0,000000
1037 1701447997 12,600000 -1,000000 -101,000000 0,000000 0,000000
1037 1701447998 12,600000 -1,000000 -101,000000 0,000000 0,000000
1037 1701447999 12,600000 -1,000000 -101,000000 0,000000 0,000000
1042 1701447990 0,200000 -1,000000 -101,000000 0,000000 0,000000
1042 1701447991 0,200000 -1,000000 -101,000000 0,000000 0,000000
1042 1701447997 0,400000 -1,000000 -101,000000 0,000000 0,000000
1042 1701447998 0,400000 -1,000000 -101,000000 0,000000 0,000000
1042 1701447999 0,400000 -1,000000 -101,000000 0,000000 0,000000
1037 1701448000 12,600000 -1,000000 -101,000000 0,000000 0,000000
1037 1701448001 12,600000 -1,000000 -101,000000 0,000000 0,000000
1037 1701448002 6,200000 -1,000000 -101,000000 0,000000 0,000000
1037 1701448003 6,200000 -1,000000 -101,000000 0,000000 0,000000
1037 1701448004 6,200000 -1,000000 -101,000000 0,000000 0,000000
1037 1701448005 6,200000 -1,000000 -101,000000 0,000000 0,000000
1037 1701448006 6,200000 -1,000000 -101,000000 0,000000 0,000000
1042 1701448000 0,400000 -1,000000 -101,000000 0,000000 0,000000
1042 1701448001 0,400000 -1,000000 -101,000000 0,000000 0,000000
1042 1701448012 0,200000 -1,000000 -101,000000 0,000000 0,000000
1042 1701448013 0,200000 -1,000000 -101,000000 0,000000 0,000000
1042 1701448014 0,200000 -1,000000 -101,000000 0,000000 0,000000
1037 1701448017 10,400000 -1,000000 -101,000000 0,000000 0,000000
1037 1701448018 10,400000 -1,000000 -101,000000 0,000000 0,000000
1037 1701448019 10,400000 -1,000000 -101,000000 0,000000 0,000000
1037 1701448020 10,400000 -1,000000 -101,000000 0,000000 0,000000
1037 1701448021 10,400000 -1,000000 -101,000000 0,000000 0,000000
1037 1701448022 3,400000 -1,000000 -101,000000 0,000000 0,000000
1037 1701448023 3,400000 -1,000000 -101,000000 0,000000 0,000000
1037 1701448024 3,400000 -1,000000 -101,000000 0,000000 0,000000
1037 1701448025 3,400000 -1,000000 -101,000000 0,000000 0,000000
1037 1701448026 3,400000 -1,000000 -101,000000 0,000000 0,000000
1037 1701448027 5,000000 -1,000000 -101,000000 0,000000 0,000000
1037 1701448028 5,000000 -1,000000 -101,000000 0,000000 0,000000
1037 1701448029 5,000000 -1,000000 -101,000000 0,000000 0,000000
1037 1701448030 5,000000 -1,000000 -101,000000 0,000000 0,000000
1037 1701448031 5,000000 -1,000000 -101,000000 0,000000 0,000000
1042 1701448015 0,200000 -1,000000 -101,000000 0,000000 0,000000
1042 1701448016 0,200000 -1,000000 -101,000000 0,000000 0,000000
1042 1701448027 0,200000 -1,000000 -101,000000 0,000000 0,000000
1042 1701448028 0,200000 -1,000000 -101,000000 0,000000 0,000000
1042 1701448029 0,200000 -1,000000 -101,000000 0,000000 0,000000
1042 1701448030 0,200000 -1,000000 -101,000000 0,000000 0,000000
1042 1701448031 0,200000 -1,000000 -101,000000 0,000000 0,000000
1037 1701448037 6,200000 -1,000000 -101,000000 0,000000 0,000000
1037 1701448038 6,200000 -1,000000 -101,000000 0,000000 0,000000
1037 1701448039 6,200000 -1,000000 -101,000000 0,000000 0,000000
1042 1701448037 0,200000 -1,000000 -101,000000 0,000000 0,000000
1042 1701448038 0,200000 -1,000000 -101,000000 0,000000 0,000000
1042 1701448039 0,200000 -1,000000 -101,000000 0,000000 0,000000
1037 1701448040 6,200000 -1,000000 -101,000000 0,000000 0,000000
1037 1701448041 6,200000 -1,000000 -101,000000 0,000000 0,000000
1042 1701448040 0,200000 -1,000000 -101,000000 0,000000 0,000000
1042 1701448041 0,200000 -1,000000 -101,000000 0,000000 0,000000
1037 1701448052 5,000000 -1,000000 -101,000000 0,000000 0,000000
1037 1701448053 5,000000 -1,000000 -101,000000 0,000000 0,000000
1037 1701448054 5,000000 -1,000000 -101,000000 0,000000 0,000000
1037 1701448055 5,000000 -1,000000 -101,000000 0,000000 0,000000
1037 1701448056 5,000000 -1,000000 -101,000000 0,000000 0,000000
1037 1701448057 11,200000 -1,000000 -101,000000 0,000000 0,000000
1037 1701448058 11,200000 -1,000000 -101,000000 0,000000 0,000000
1037 1701448059 11,200000 -1,000000 -101,000000 0,000000 0,000000
1042 1701448047 0,200000 -1,000000 -101,000000 0,000000 0,000000
1042 1701448048 0,200000 -1,000000 -101,000000 0,000000 0,000000
1042 1701448049 0,200000 -1,000000 -101,000000 0,000000 0,000000
1042 1701448050 0,200000 -1,000000 -101,000000 0,000000 0,000000
1042 1701448051 0,200000 -1,000000 -101,000000 0,000000 0,000000
1042 1701448057 0,400000 -1,000000 -101,000000 0,000000 0,000000
1042 1701448058 0,400000 -1,000000 -101,000000 0,000000 0,000000
1042 1701448059 0,400000 -1,000000 -101,000000 0,000000 0,000000
1037 1701448060 11,200000 -1,000000 -101,000000 0,000000 0,000000
1037 1701448061 11,200000 -1,000000 -101,000000 0,000000 0,000000
1042 1701448060 0,400000 -1,000000 -101,000000 0,000000 0,000000
1042 1701448061 0,400000 -1,000000 -101,000000 0,000000 0,000000
1037 1701448072 10,400000 -1,000000 -101,000000 0,000000 0,000000
1037 1701448073 10,400000 -1,000000 -101,000000 0,000000 0,000000
1037 1701448074 10,400000 -1,000000 -101,000000 0,000000 0,000000
1042 1701448072 0,200000 -1,000000 -101,000000 0,000000 0,000000
1042 1701448073 0,200000 -1,000000 -101,000000 0,000000 0,000000
1042 1701448074 0,200000 -1,000000 -101,000000 0,000000 0,000000
1037 1701448075 10,400000 -1,000000 -101,000000 0,000000 0,000000
1037 1701448076 10,400000 -1,000000 -101,000000 0,000000 0,000000
1037 1701448092 7,600000 -1,000000 -101,000000 0,000000 0,000000
1037 1701448093 7,600000 -1,000000 -101,000000 0,000000 0,000000
1037 1701448094 7,600000 -1,000000 -101,000000 0,000000 0,000000
1042 1701448075 0,200000 -1,000000 -101,000000 0,000000 0,000000
1042 1701448076 0,200000 -1,000000 -101,000000 0,000000 0,000000
1042 1701448092 0,200000 -1,000000 -101,000000 0,000000 0,000000
1042 1701448093 0,200000 -1,000000 -101,000000 0,000000 0,000000
1042 1701448094 0,200000 -1,000000 -101,000000 0,000000 0,000000
1037 1701448095 7,600000 -1,000000 -101,000000 0,000000 0,000000
1037 1701448096 7,600000 -1,000000 -101,000000 0,000000 0,000000
1037 1701448097 11,200000 -1,000000 -101,000000 0,000000 0,000000
1037 1701448098 11,200000 -1,000000 -101,000000 0,000000 0,000000
1037 1701448099 11,200000 -1,000000 -101,000000 0,000000 0,000000
1037 1701448100 11,200000 -1,000000 -101,000000 0,000000 0,000000
1037 1701448101 11,200000 -1,000000 -101,000000 0,000000 0,000000
1037 1701448102 5,000000 -1,000000 -101,000000 0,000000 0,000000
1037 1701448103 5,000000 -1,000000 -101,000000 0,000000 0,000000
1037 1701448104 5,000000 -1,000000 -101,000000 0,000000 0,000000
1037 1701448105 5,000000 -1,000000 -101,000000 0,000000 0,000000
1037 1701448106 5,000000 -1,000000 -101,000000 0,000000 0,000000
1042 1701448095 0,200000 -1,000000 -101,000000 0,000000 0,000000
1042 1701448096 0,200000 -1,000000 -101,000000 0,000000 0,000000
1042 1701448097 0,200000 -1,000000 -101,000000 0,000000 0,000000
1042 1701448098 0,200000 -1,000000 -101,000000 0,000000 0,000000
1042 1701448099 0,200000 -1,000000 -101,000000 0,000000 0,000000
1042 1701448100 0,200000 -1,000000 -101,000000 0,000000 0,000000
1042 1701448101 0,200000 -1,000000 -101,000000 0,000000 0,000000
1042 1701448102 0,200000 -1,000000 -101,000000 0,000000 0,000000
1042 1701448103 0,200000 -1,000000 -101,000000 0,000000 0,000000
1042 1701448104 0,200000 -1,000000 -101,000000 0,000000 0,000000
1042 1701448105 0,200000 -1,000000 -101,000000 0,000000 0,000000
1042 1701448106 0,200000 -1,000000 -101,000000 0,000000 0,000000
1037 1701448117 9,600000 -1,000000 -101,000000 0,000000 0,000000
1037 1701448118 9,600000 -1,000000 -101,000000 0,000000 0,000000
1037 1701448119 9,600000 -1,000000 -101,000000 0,000000 0,000000
1037 1701448120 9,600000 -1,000000 -101,000000 0,000000 0,000000
1037 1701448121 9,600000 -1,000000 -101,000000 0,000000 0,000000
1037 1701448127 5,000000 -1,000000 -101,000000 0,000000 0,000000
1037 1701448128 5,000000 -1,000000 -101,000000 0,000000 0,000000
1037 1701448129 5,000000 -1,000000 -101,000000 0,000000 0,000000
1042 1701448117 0,200000 -1,000000 -101,000000 0,000000 0,000000
1042 1701448118 0,200000 -1,000000 -101,000000 0,000000 0,000000
1042 1701448119 0,200000 -1,000000 -101,000000 0,000000 0,000000
1042 1701448120 0,200000 -1,000000 -101,000000 0,000000 0,000000
1042 1701448121 0,200000 -1,000000 -101,000000 0,000000 0,000000
1042 1701448127 0,200000 -1,000000 -101,000000 0,000000 0,000000
1042 1701448128 0,200000 -1,000000 -101,000000 0,000000 0,000000
1042 1701448129 0,200000 -1,000000 -101,000000 0,000000 0,000000
1037 1701448130 5,000000 -1,000000 -101,000000 0,000000 0,000000
1037 1701448131 5,000000 -1,000000 -101,000000 0,000000 0,000000
1037 1701448132 6,200000 -1,000000 -101,000000 0,000000 0,000000
1037 1701448133 6,200000 -1,000000 -101,000000 0,000000 0,000000
1037 1701448134 6,200000 -1,000000 -101,000000 0,000000 0,000000
1037 1701448135 6,200000 -1,000000 -101,000000 0,000000 0,000000
1037 1701448136 6,200000 -1,000000 -101,000000 0,000000 0,000000
1042 1701448130 0,200000 -1,000000 -101,000000 0,000000 0,000000
1042 1701448131 0,200000 -1,000000 -101,000000 0,000000 0,000000
1042 1701448132 0,200000 -1,000000 -101,000000 0,000000 0,000000
1042 1701448133 0,200000 -1,000000 -101,000000 0,000000 0,000000
1042 1701448134 0,200000 -1,000000 -101,000000 0,000000 0,000000
1042 1701448135 0,200000 -1,000000 -101,000000 0,000000 0,000000
1042 1701448136 0,200000 -1,000000 -101,000000 0,000000 0,000000
1037 1701448147 4,200000 -1,000000 -101,000000 0,000000 0,000000
1037 1701448148 4,200000 -1,000000 -101,000000 0,000000 0,000000
1037 1701448149 4,200000 -1,000000 -101,000000 0,000000 0,000000
1037 1701448150 4,200000 -1,000000 -101,000000 0,000000 0,000000
1037 1701448151 4,200000 -1,000000 -101,000000 0,000000 0,000000
1037 1701448152 11,200000 -1,000000 -101,000000 0,000000 0,000000
1037 1701448153 11,200000 -1,000000 -101,000000 0,000000 0,000000
1037 1701448154 11,200000 -1,000000 -101,000000 0,000000 0,000000
1042 1701448152 0,400000 -1,000000 -101,000000 0,000000 0,000000
1042 1701448153 0,400000 -1,000000 -101,000000 0,000000 0,000000
1042 1701448154 0,400000 -1,000000 -101,000000 0,000000 0,000000
1037 1701448155 11,200000 -1,000000 -101,000000 0,000000 0,000000
1037 1701448156 11,200000 -1,000000 -101,000000 0,000000 0,000000
1037 1701448167 9,200000 -1,000000 -101,000000 0,000000 0,000000
1037 1701448168 9,200000 -1,000000 -101,000000 0,000000 0,000000
1037 1701448169 9,200000 -1,000000 -101,000000 0,000000 0,000000
1037 1701448170 9,200000 -1,000000 -101,000000 0,000000 0,000000
1037 1701448171 9,200000 -1,000000 -101,000000 0,000000 0,000000
1037 1701448172 6,200000 -1,000000 -101,000000 0,000000 0,000000
1037 1701448173 6,200000 -1,000000 -101,000000 0,000000 0,000000
1037 1701448174 6,200000 -1,000000 -101,000000 0,000000 0,000000
1042 1701448155 0,400000 -1,000000 -101,000000 0,000000 0,000000
1042 1701448156 0,400000 -1,000000 -101,000000 0,000000 0,000000
1042 1701448167 0,200000 -1,000000 -101,000000 0,000000 0,000000
1042 1701448168 0,200000 -1,000000 -101,000000 0,000000 0,000000
1042 1701448169 0,200000 -1,000000 -101,000000 0,000000 0,000000
1042 1701448170 0,200000 -1,000000 -101,000000 0,000000 0,000000
1042 1701448171 0,200000 -1,000000 -101,000000 0,000000 0,000000
1042 1701448172 0,200000 -1,000000 -101,000000 0,000000 0,000000
1042 1701448173 0,200000 -1,000000 -101,000000 0,000000 0,000000
1042 1701448174 0,200000 -1,000000 -101,000000 0,000000 0,000000
1042 1701448175 0,200000 -1,000000 -101,000000 0,000000 0,000000
1042 1701448176 0,200000 -1,000000 -101,000000 0,000000 0,000000
1037 1701448175 6,200000 -1,000000 -101,000000 0,000000 0,000000
1037 1701448176 6,200000 -1,000000 -101,000000 0,000000 0,000000
1037 1701448187 9,600000 -1,000000 -101,000000 0,000000 0,000000
1037 1701448188 9,600000 -1,000000 -101,000000 0,000000 0,000000
1037 1701448189 9,600000 -1,000000 -101,000000 0,000000 0,000000
1042 1701448187 0,200000 -1,000000 -101,000000 0,000000 0,000000
1042 1701448188 0,200000 -1,000000 -101,000000 0,000000 0,000000
1042 1701448189 0,200000 -1,000000 -101,000000 0,000000 0,000000
1037 1701448190 9,600000 -1,000000 -101,000000 0,000000 0,000000
1037 1701448191 9,600000 -1,000000 -101,000000 0,000000 0,000000
1042 1701448190 0,200000 -1,000000 -101,000000 0,000000 0,000000
1042 1701448191 0,200000 -1,000000 -101,000000 0,000000 0,000000
1037 1701448197 5,000000 -1,000000 -101,000000 0,000000 0,000000
1037 1701448198 5,000000 -1,000000 -101,000000 0,000000 0,000000
1037 1701448199 5,000000 -1,000000 -101,000000 0,000000 0,000000
1037 1701448200 5,000000 -1,000000 -101,000000 0,000000 0,000000
1037 1701448201 5,000000 -1,000000 -101,000000 0,000000 0,000000
1037 1701448202 5,000000 -1,000000 -101,000000 0,000000 0,000000
1037 1701448203 5,000000 -1,000000 -101,000000 0,000000 0,000000
1037 1701448204 5,000000 -1,000000 -101,000000 0,000000 0,000000
1037 1701448205 5,000000 -1,000000 -101,000000 0,000000 0,000000
1037 1701448206 5,000000 -1,000000 -101,000000 0,000000 0,000000
1042 1701448197 0,200000 -1,000000 -101,000000 0,000000 0,000000
1042 1701448198 0,200000 -1,000000 -101,000000 0,000000 0,000000
1042 1701448199 0,200000 -1,000000 -101,000000 0,000000 0,000000
1042 1701448200 0,200000 -1,000000 -101,000000 0,000000 0,000000
1042 1701448201 0,200000 -1,000000 -101,000000 0,000000 0,000000
1042 1701448202 0,200000 -1,000000 -101,000000 0,000000 0,000000
1042 1701448203 0,200000 -1,000000 -101,000000 0,000000 0,000000
1042 1701448204 0,200000 -1,000000 -101,000000 0,000000 0,000000
1042 1701448205 0,200000 -1,000000 -101,000000 0,000000 0,000000
1042 1701448206 0,200000 -1,000000 -101,000000 0,000000 0,000000
1037 1701448212 9,600000 -1,000000 -101,000000 0,000000 0,000000
1037 1701448213 9,600000 -1,000000 -101,000000 0,000000 0,000000
1037 1701448214 9,600000 -1,000000 -101,000000 0,000000 0,000000
1037 1701448215 9,600000 -1,000000 -101,000000 0,000000 0,000000
1037 1701448216 9,600000 -1,000000 -101,000000 0,000000 0,000000
1037 1701448222 4,200000 -1,000000 -101,000000 0,000000 0,000000
1037 1701448223 4,200000 -1,000000 -101,000000 0,000000 0,000000
1037 1701448224 4,200000 -1,000000 -101,000000 0,000000 0,000000
1042 1701448212 0,200000 -1,000000 -101,000000 0,000000 0,000000
1042 1701448213 0,200000 -1,000000 -101,000000 0,000000 0,000000
1042 1701448214 0,200000 -1,000000 -101,000000 0,000000 0,000000
1042 1701448215 0,200000 -1,000000 -101,000000 0,000000 0,000000
1042 1701448216 0,200000 -1,000000 -101,000000 0,000000 0,000000
1037 1701448225 4,200000 -1,000000 -101,000000 0,000000 0,000000
1037 1701448226 4,200000 -1,000000 -101,000000 0,000000 0,000000
1037 1701448232 6,200000 -1,000000 -101,000000 0,000000 0,000000
1037 1701448233 6,200000 -1,000000 -101,000000 0,000000 0,000000
1037 1701448234 6,200000 -1,000000 -101,000000 0,000000 0,000000
1037 1701448235 6,200000 -1,000000 -101,000000 0,000000 0,000000
1037 1701448236 6,200000 -1,000000 -101,000000 0,000000 0,000000
1037 1701448242 9,200000 -1,000000 -101,000000 0,000000 0,000000
1037 1701448243 9,200000 -1,000000 -101,000000 0,000000 0,000000
1037 1701448244 9,200000 -1,000000 -101,000000 0,000000 0,000000
1042 1701448232 0,200000 -1,000000 -101,000000 0,000000 0,000000
1042 1701448233 0,200000 -1,000000 -101,000000 0,000000 0,000000
1042 1701448234 0,200000 -1,000000 -101,000000 0,000000 0,000000
1042 1701448235 0,200000 -1,000000 -101,000000 0,000000 0,000000
1042 1701448236 0,200000 -1,000000 -101,000000 0,000000 0,000000
1042 1701448237 0,200000 -1,000000 -101,000000 0,000000 0,000000
1042 1701448238 0,200000 -1,000000 -101,000000 0,000000 0,000000
1042 1701448239 0,200000 -1,000000 -101,000000 0,000000 0,000000
1042 1701448240 0,200000 -1,000000 -101,000000 0,000000 0,000000
1042 1701448241 0,200000 -1,000000 -101,000000 0,000000 0,000000
1037 1701448245 9,200000 -1,000000 -101,000000 0,000000 0,000000
1037 1701448246 9,200000 -1,000000 -101,000000 0,000000 0,000000
1037 1701448247 6,200000 -1,000000 -101,000000 0,000000 0,000000
1037 1701448248 6,200000 -1,000000 -101,000000 0,000000 0,000000
1037 1701448249 6,200000 -1,000000 -101,000000 0,000000 0,000000
1037 1701448250 6,200000 -1,000000 -101,000000 0,000000 0,000000
1037 1701448251 6,200000 -1,000000 -101,000000 0,000000 0,000000
1037 1701448252 5,000000 -1,000000 -101,000000 0,000000 0,000000
1037 1701448253 5,000000 -1,000000 -101,000000 0,000000 0,000000
1037 1701448254 5,000000 -1,000000 -101,000000 0,000000 0,000000
1042 1701448247 0,200000 -1,000000 -101,000000 0,000000 0,000000
1042 1701448248 0,200000 -1,000000 -101,000000 0,000000 0,000000
1042 1701448249 0,200000 -1,000000 -101,000000 0,000000 0,000000
1042 1701448250 0,200000 -1,000000 -101,000000 0,000000 0,000000
1042 1701448251 0,200000 -1,000000 -101,000000 0,000000 0,000000
1042 1701448252 0,200000 -1,000000 -101,000000 0,000000 0,000000
1042 1701448253 0,200000 -1,000000 -101,000000 0,000000 0,000000
1042 1701448254 0,200000 -1,000000 -101,000000 0,000000 0,000000
1037 1701448255 5,000000 -1,000000 -101,000000 0,000000 0,000000
1037 1701448256 5,000000 -1,000000 -101,000000 0,000000 0,000000
1037 1701448267 6,200000 -1,000000 -101,000000 0,000000 0,000000
1037 1701448268 6,200000 -1,000000 -101,000000 0,000000 0,000000
1037 1701448269 6,200000 -1,000000 -101,000000 0,000000 0,000000
1037 1701448270 6,200000 -1,000000 -101,000000 0,000000 0,000000
1042 1701448255 0,200000 -1,000000 -101,000000 0,000000 0,000000
1042 1701448256 0,200000 -1,000000 -101,000000 0,000000 0,000000
1042 1701448267 0,400000 -1,000000 -101,000000 0,000000 0,000000
1042 1701448268 0,400000 -1,000000 -101,000000 0,000000 0,000000
1042 1701448269 0,400000 -1,000000 -101,000000 0,000000 0,000000
1042 1701448270 0,400000 -1,000000 -101,000000 0,000000 0,000000
1037 1701448271 6,200000 -1,000000 -101,000000 0,000000 0,000000
1037 1701448272 5,000000 -1,000000 -101,000000 0,000000 0,000000
1037 1701448273 5,000000 -1,000000 -101,000000 0,000000 0,000000
1037 1701448274 5,000000 -1,000000 -101,000000 0,000000 0,000000
1037 1701448275 5,000000 -1,000000 -101,000000 0,000000 0,000000
1037 1701448276 5,000000 -1,000000 -101,000000 0,000000 0,000000
1037 1701448282 3,400000 -1,000000 -101,000000 0,000000 0,000000
1037 1701448283 3,400000 -1,000000 -101,000000 0,000000 0,000000
1037 1701448284 3,400000 -1,000000 -101,000000 0,000000 0,000000
1037 1701448285 3,400000 -1,000000 -101,000000 0,000000 0,000000
1042 1701448271 0,400000 -1,000000 -101,000000 0,000000 0,000000
1037 1701448286 3,400000 -1,000000 -101,000000 0,000000 0,000000
1042 1701448287 0,200000 -1,000000 -101,000000 0,000000 0,000000
1042 1701448288 0,200000 -1,000000 -101,000000 0,000000 0,000000
1042 1701448289 0,200000 -1,000000 -101,000000 0,000000 0,000000
1042 1701448290 0,200000 -1,000000 -101,000000 0,000000 0,000000
1042 1701448291 0,200000 -1,000000 -101,000000 0,000000 0,000000
1037 1701448292 6,200000 -1,000000 -101,000000 0,000000 0,000000
1037 1701448293 6,200000 -1,000000 -101,000000 0,000000 0,000000
1037 1701448294 6,200000 -1,000000 -101,000000 0,000000 0,000000
1037 1701448295 6,200000 -1,000000 -101,000000 0,000000 0,000000
1037 1701448296 6,200000 -1,000000 -101,000000 0,000000 0,000000
1037 1701448297 4,200000 -1,000000 -101,000000 0,000000 0,000000
1037 1701448298 4,200000 -1,000000 -101,000000 0,000000 0,000000
1037 1701448299 4,200000 -1,000000 -101,000000 0,000000 0,000000
1037 1701448300 4,200000 -1,000000 -101,000000 0,000000 0,000000
1037 1701448301 4,200000 -1,000000 -101,000000 0,000000 0,000000
1037 1701448302 5,000000 -1,000000 -101,000000 0,000000 0,000000
1037 1701448303 5,000000 -1,000000 -101,000000 0,000000 0,000000
1037 1701448304 5,000000 -1,000000 -101,000000 0,000000 0,000000
1037 1701448305 5,000000 -1,000000 -101,000000 0,000000 0,000000
1042 1701448302 0,400000 -1,000000 -101,000000 0,000000 0,000000
1042 1701448303 0,400000 -1,000000 -101,000000 0,000000 0,000000
1042 1701448304 0,400000 -1,000000 -101,000000 0,000000 0,000000
1042 1701448305 0,400000 -1,000000 -101,000000 0,000000 0,000000
1037 1701448306 5,000000 -1,000000 -101,000000 0,000000 0,000000
1037 1701448307 9,600000 -1,000000 -101,000000 0,000000 0,000000
1037 1701448308 9,600000 -1,000000 -101,000000 0,000000 0,000000
1037 1701448309 9,600000 -1,000000 -101,000000 0,000000 0,000000
1037 1701448310 9,600000 -1,000000 -101,000000 0,000000 0,000000
1037 1701448311 9,600000 -1,000000 -101,000000 0,000000 0,000000
1037 1701448312 5,000000 -1,000000 -101,000000 0,000000 0,000000
1037 1701448313 5,000000 -1,000000 -101,000000 0,000000 0,000000
1037 1701448314 5,000000 -1,000000 -101,000000 0,000000 0,000000
1037 1701448315 5,000000 -1,000000 -101,000000 0,000000 0,000000
1037 1701448316 5,000000 -1,000000 -101,000000 0,000000 0,000000
1037 1701448317 4,200000 -1,000000 -101,000000 0,000000 0,000000
1037 1701448318 4,200000 -1,000000 -101,000000 0,000000 0,000000
1037 1701448319 4,200000 -1,000000 -101,000000 0,000000 0,000000
1037 1701448320 4,200000 -1,000000 -101,000000 0,000000 0,000000
1037 1701448321 4,200000 -1,000000 -101,000000 0,000000 0,000000
1042 1701448306 0,400000 -1,000000 -101,000000 0,000000 0,000000
1042 1701448312 0,200000 -1,000000 -101,000000 0,000000 0,000000
1042 1701448313 0,200000 -1,000000 -101,000000 0,000000 0,000000
1042 1701448314 0,200000 -1,000000 -101,000000 0,000000 0,000000
1042 1701448315 0,200000 -1,000000 -101,000000 0,000000 0,000000
1042 1701448316 0,200000 -1,000000 -101,000000 0,000000 0,000000
1037 1701448327 6,200000 -1,000000 -101,000000 0,000000 0,000000
1037 1701448328 6,200000 -1,000000 -101,000000 0,000000 0,000000
1037 1701448329 6,200000 -1,000000 -101,000000 0,000000 0,000000
1037 1701448330 6,200000 -1,000000 -101,000000 0,000000 0,000000
1037 1701448331 6,200000 -1,000000 -101,000000 0,000000 0,000000
1037 1701448342 5,000000 -1,000000 -101,000000 0,000000 0,000000
1037 1701448343 5,000000 -1,000000 -101,000000 0,000000 0,000000
1037 1701448344 5,000000 -1,000000 -101,000000 0,000000 0,000000
1037 1701448345 5,000000 -1,000000 -101,000000 0,000000 0,000000
1037 1701448346 5,000000 -1,000000 -101,000000 0,000000 0,000000
1037 1701448347 6,200000 -1,000000 -101,000000 0,000000 0,000000
1037 1701448348 6,200000 -1,000000 -101,000000 0,000000 0,000000
1037 1701448349 6,200000 -1,000000 -101,000000 0,000000 0,000000
1037 1701448350 6,200000 -1,000000 -101,000000 0,000000 0,000000
1042 1701448327 0,200000 -1,000000 -101,000000 0,000000 0,000000
1042 1701448328 0,200000 -1,000000 -101,000000 0,000000 0,000000
1042 1701448329 0,200000 -1,000000 -101,000000 0,000000 0,000000
1042 1701448330 0,200000 -1,000000 -101,000000 0,000000 0,000000
1042 1701448331 0,200000 -1,000000 -101,000000 0,000000 0,000000
1042 1701448342 0,200000 -1,000000 -101,000000 0,000000 0,000000
1042 1701448343 0,200000 -1,000000 -101,000000 0,000000 0,000000
1042 1701448344 0,200000 -1,000000 -101,000000 0,000000 0,000000
1042 1701448345 0,200000 -1,000000 -101,000000 0,000000 0,000000
1042 1701448346 0,200000 -1,000000 -101,000000 0,000000 0,000000
1042 1701448347 0,200000 -1,000000 -101,000000 0,000000 0,000000
1042 1701448348 0,200000 -1,000000 -101,000000 0,000000 0,000000
1042 1701448349 0,200000 -1,000000 -101,000000 0,000000 0,000000
1042 1701448350 0,200000 -1,000000 -101,000000 0,000000 0,000000
1037 1701448351 6,200000 -1,000000 -101,000000 0,000000 0,000000
1042 1701448351 0,200000 -1,000000 -101,000000 0,000000 0,000000
1042 1701448352 0,200000 -1,000000 -101,000000 0,000000 0,000000
1042 1701448353 0,200000 -1,000000 -101,000000 0,000000 0,000000
1042 1701448354 0,200000 -1,000000 -101,000000 0,000000 0,000000
1042 1701448355 0,200000 -1,000000 -101,000000 0,000000 0,000000
1037 1701448357 5,000000 -1,000000 -101,000000 0,000000 0,000000
1037 1701448358 5,000000 -1,000000 -101,000000 0,000000 0,000000
1037 1701448359 5,000000 -1,000000 -101,000000 0,000000 0,000000
1037 1701448360 5,000000 -1,000000 -101,000000 0,000000 0,000000
1037 1701448361 5,000000 -1,000000 -101,000000 0,000000 0,000000
1037 1701448362 6,200000 -1,000000 -101,000000 0,000000 0,000000
1037 1701448363 6,200000 -1,000000 -101,000000 0,000000 0,000000
1037 1701448364 6,200000 -1,000000 -101,000000 0,000000 0,000000
1037 1701448365 6,200000 -1,000000 -101,000000 0,000000 0,000000
1042 1701448356 0,200000 -1,000000 -101,000000 0,000000 0,000000
1042 1701448362 0,200000 -1,000000 -101,000000 0,000000 0,000000
1042 1701448363 0,200000 -1,000000 -101,000000 0,000000 0,000000
1042 1701448364 0,200000 -1,000000 -101,000000 0,000000 0,000000
1042 1701448365 0,200000 -1,000000 -101,000000 0,000000 0,000000
1037 1701448366 6,200000 -1,000000 -101,000000 0,000000 0,000000
1037 1701448372 4,200000 -1,000000 -101,000000 0,000000 0,000000
1037 1701448373 4,200000 -1,000000 -101,000000 0,000000 0,000000
1037 1701448374 4,200000 -1,000000 -101,000000 0,000000 0,000000
1037 1701448375 4,200000 -1,000000 -101,000000 0,000000 0,000000
1037 1701448376 4,200000 -1,000000 -101,000000 0,000000 0,000000
1037 1701448382 8,400000 -1,000000 -101,000000 0,000000 0,000000
1037 1701448383 8,400000 -1,000000 -101,000000 0,000000 0,000000
1037 1701448384 8,400000 -1,000000 -101,000000 0,000000 0,000000
1037 1701448385 8,400000 -1,000000 -101,000000 0,000000 0,000000
1042 1701448366 0,200000 -1,000000 -101,000000 0,000000 0,000000
1042 1701448382 0,400000 -1,000000 -101,000000 0,000000 0,000000
1042 1701448383 0,400000 -1,000000 -101,000000 0,000000 0,000000
1042 1701448384 0,400000 -1,000000 -101,000000 0,000000 0,000000
1042 1701448385 0,400000 -1,000000 -101,000000 0,000000 0,000000
1037 1701448386 8,400000 -1,000000 -101,000000 0,000000 0,000000
1037 1701448387 6,200000 -1,000000 -101,000000 0,000000 0,000000
1037 1701448388 6,200000 -1,000000 -101,000000 0,000000 0,000000
1037 1701448389 6,200000 -1,000000 -101,000000 0,000000 0,000000
1037 1701448390 6,200000 -1,000000 -101,000000 0,000000 0,000000
1037 1701448391 6,200000 -1,000000 -101,000000 0,000000 0,000000
1037 1701448392 4,200000 -1,000000 -101,000000 0,000000 0,000000
1037 1701448393 4,200000 -1,000000 -101,000000 0,000000 0,000000
1037 1701448394 4,200000 -1,000000 -101,000000 0,000000 0,000000
1037 1701448395 4,200000 -1,000000 -101,000000 0,000000 0,000000
1042 1701448386 0,400000 -1,000000 -101,000000 0,000000 0,000000
1037 1701448396 4,200000 -1,000000 -101,000000 0,000000 0,000000
1037 1701448402 3,400000 -1,000000 -101,000000 0,000000 0,000000
1037 1701448403 3,400000 -1,000000 -101,000000 0,000000 0,000000
1037 1701448404 3,400000 -1,000000 -101,000000 0,000000 0,000000
1037 1701448405 3,400000 -1,000000 -101,000000 0,000000 0,000000
1037 1701448406 3,400000 -1,000000 -101,000000 0,000000 0,000000
1037 1701448407 11,200000 -1,000000 -101,000000 0,000000 0,000000
1037 1701448408 11,200000 -1,000000 -101,000000 0,000000 0,000000
1037 1701448409 11,200000 -1,000000 -101,000000 0,000000 0,000000
1037 1701448410 11,200000 -1,000000 -101,000000 0,000000 0,000000
1037 1701448411 11,200000 -1,000000 -101,000000 0,000000 0,000000
1037 1701448412 5,000000 -1,000000 -101,000000 0,000000 0,000000
1037 1701448413 5,000000 -1,000000 -101,000000 0,000000 0,000000
1037 1701448414 5,000000 -1,000000 -101,000000 0,000000 0,000000
1037 1701448415 5,000000 -1,000000 -101,000000 0,000000 0,000000
1037 1701448416 5,000000 -1,000000 -101,000000 0,000000 0,000000
1042 1701448407 0,400000 -1,000000 -101,000000 0,000000 0,000000
1042 1701448408 0,400000 -1,000000 -101,000000 0,000000 0,000000
1042 1701448409 0,400000 -1,000000 -101,000000 0,000000 0,000000
1042 1701448410 0,400000 -1,000000 -101,000000 0,000000 0,000000
1042 1701448411 0,400000 -1,000000 -101,000000 0,000000 0,000000
1042 1701448412 0,200000 -1,000000 -101,000000 0,000000 0,000000
1042 1701448413 0,200000 -1,000000 -101,000000 0,000000 0,000000
1042 1701448414 0,200000 -1,000000 -101,000000 0,000000 0,000000
1042 1701448415 0,200000 -1,000000 -101,000000 0,000000 0,000000
1042 1701448416 0,200000 -1,000000 -101,000000 0,000000 0,000000
1037 1701448422 6,200000 -1,000000 -101,000000 0,000000 0,000000
1037 1701448423 6,200000 -1,000000 -101,000000 0,000000 0,000000
1037 1701448424 6,200000 -1,000000 -101,000000 0,000000 0,000000
1037 1701448425 6,200000 -1,000000 -101,000000 0,000000 0,000000
1042 1701448422 0,200000 -1,000000 -101,000000 0,000000 0,000000
1042 1701448423 0,200000 -1,000000 -101,000000 0,000000 0,000000
1042 1701448424 0,200000 -1,000000 -101,000000 0,000000 0,000000
1042 1701448425 0,200000 -1,000000 -101,000000 0,000000 0,000000
1037 1701448426 6,200000 -1,000000 -101,000000 0,000000 0,000000
1037 1701448442 6,200000 -1,000000 -101,000000 0,000000 0,000000
1037 1701448443 6,200000 -1,000000 -101,000000 0,000000 0,000000
1037 1701448444 6,200000 -1,000000 -101,000000 0,000000 0,000000
1037 1701448445 6,200000 -1,000000 -101,000000 0,000000 0,000000
1042 1701448426 0,200000 -1,000000 -101,000000 0,000000 0,000000
1042 1701448442 0,200000 -1,000000 -101,000000 0,000000 0,000000
1042 1701448443 0,200000 -1,000000 -101,000000 0,000000 0,000000
1042 1701448444 0,200000 -1,000000 -101,000000 0,000000 0,000000
1042 1701448445 0,200000 -1,000000 -101,000000 0,000000 0,000000
1037 1701448446 6,200000 -1,000000 -101,000000 0,000000 0,000000
1037 1701448447 4,200000 -1,000000 -101,000000 0,000000 0,000000
1037 1701448448 4,200000 -1,000000 -101,000000 0,000000 0,000000
1037 1701448449 4,200000 -1,000000 -101,000000 0,000000 0,000000
1037 1701448450 4,200000 -1,000000 -101,000000 0,000000 0,000000
1042 1701448446 0,200000 -1,000000 -101,000000 0,000000 0,000000
1037 1701448511 5,000000 -1,000000 5,000000 5,000000 0,000000
1037 1701448510 5,000000 -1,000000 5,000000 5,000000 0,000000
1037 1701448509 5,000000 -1,000000 5,000000 5,000000 0,000000
1037 1701448508 5,000000 -1,000000 5,000000 5,000000 0,000000
1037 1701448507 5,000000 -1,000000 5,000000 5,000000 0,000000
1037 1701448506 9,600000 -1,000000 9,600000 9,600000 0,000000
1037 1701448505 9,600000 -1,000000 9,600000 9,600000 0,000000
1037 1701448504 9,600000 -1,000000 9,600000 9,600000 0,000000
1037 1701448503 9,600000 -1,000000 9,600000 9,600000 0,000000
1037 1701448502 9,600000 -1,000000 9,600000 9,600000 0,000000
1037 1701448486 5,000000 -1,000000 5,000000 5,000000 0,000000
1037 1701448485 5,000000 -1,000000 5,000000 5,000000 0,000000
1037 1701448484 5,000000 -1,000000 5,000000 5,000000 0,000000
1037 1701448483 5,000000 -1,000000 5,000000 5,000000 0,000000
1037 1701448482 5,000000 -1,000000 5,000000 5,000000 0,000000
1037 1701448481 9,600000 -1,000000 9,600000 9,600000 0,000000
1037 1701448480 9,600000 -1,000000 9,600000 9,600000 0,000000
1037 1701448479 9,600000 -1,000000 9,600000 9,600000 0,000000
1037 1701448478 9,600000 -1,000000 9,600000 9,600000 0,000000
1037 1701448477 9,600000 -1,000000 9,600000 9,600000 0,000000
1037 1701448466 10,400000 -1,000000 10,400000 10,400000 0,000000
1037 1701448465 10,400000 -1,000000 10,400000 10,400000 0,000000
1037 1701448464 10,400000 -1,000000 10,400000 10,400000 0,000000
1037 1701448463 10,400000 -1,000000 10,400000 10,400000 0,000000
1037 1701448462 10,400000 -1,000000 10,400000 10,400000 0,000000
1037 1701448461 5,000000 -1,000000 5,000000 5,000000 0,000000
1037 1701448460 5,000000 -1,000000 5,000000 5,000000 0,000000
1037 1701448459 5,000000 -1,000000 5,000000 5,000000 0,000000
1037 1701448458 5,000000 -1,000000 5,000000 5,000000 0,000000
1037 1701448457 5,000000 -1,000000 5,000000 5,000000 0,000000
1037 1701448456 5,000000 -1,000000 5,000000 5,000000 0,000000
1037 1701448455 5,000000 -1,000000 5,000000 5,000000 0,000000
1037 1701448454 5,000000 -1,000000 5,000000 5,000000 0,000000
1037 1701448453 5,000000 -1,000000 5,000000 5,000000 0,000000
1037 1701448452 5,000000 -1,000000 5,000000 5,000000 0,000000
1037 1701448451 4,200000 -1,000000 4,200000 4,200000 0,000000
1042 1701448511 0,200000 -1,000000 0,200000 0,200000 0,000000
1042 1701448510 0,200000 -1,000000 0,200000 0,200000 0,000000
1042 1701448509 0,200000 -1,000000 0,200000 0,200000 0,000000
1042 1701448508 0,200000 -1,000000 0,200000 0,200000 0,000000
1042 1701448507 0,200000 -1,000000 0,200000 0,200000 0,000000
1042 1701448506 0,200000 -1,000000 0,200000 0,200000 0,000000
1042 1701448505 0,200000 -1,000000 0,200000 0,200000 0,000000
1042 1701448504 0,200000 -1,000000 0,200000 0,200000 0,000000
1042 1701448503 0,200000 -1,000000 0,200000 0,200000 0,000000
1042 1701448502 0,200000 -1,000000 0,200000 0,200000 0,000000
1042 1701448486 0,200000 -1,000000 0,200000 0,200000 0,000000
1042 1701448485 0,200000 -1,000000 0,200000 0,200000 0,000000
1042 1701448484 0,200000 -1,000000 0,200000 0,200000 0,000000
1042 1701448483 0,200000 -1,000000 0,200000 0,200000 0,000000
1042 1701448482 0,200000 -1,000000 0,200000 0,200000 0,000000
1042 1701448481 0,200000 -1,000000 0,200000 0,200000 0,000000
1042 1701448480 0,200000 -1,000000 0,200000 0,200000 0,000000
1042 1701448479 0,200000 -1,000000 0,200000 0,200000 0,000000
1042 1701448478 0,200000 -1,000000 0,200000 0,200000 0,000000
1042 1701448477 0,200000 -1,000000 0,200000 0,200000 0,000000
1042 1701448466 0,200000 -1,000000 0,200000 0,200000 0,000000
1042 1701448465 0,200000 -1,000000 0,200000 0,200000 0,000000
1042 1701448464 0,200000 -1,000000 0,200000 0,200000 0,000000
1042 1701448463 0,200000 -1,000000 0,200000 0,200000 0,000000
1042 1701448462 0,200000 -1,000000 0,200000 0,200000 0,000000
1042 1701448461 0,200000 -1,000000 0,200000 0,200000 0,000000
1042 1701448460 0,200000 -1,000000 0,200000 0,200000 0,000000
1042 1701448459 0,200000 -1,000000 0,200000 0,200000 0,000000
1042 1701448458 0,200000 -1,000000 0,200000 0,200000 0,000000
1042 1701448457 0,200000 -1,000000 0,200000 0,200000 0,000000
1042 1701448456 0,200000 -1,000000 0,200000 0,200000 0,000000
1042 1701448455 0,200000 -1,000000 0,200000 0,200000 0,000000
1042 1701448454 0,200000 -1,000000 0,200000 0,200000 0,000000
1042 1701448453 0,200000 -1,000000 0,200000 0,200000 0,000000
1042 1701448452 0,200000 -1,000000 0,200000 0,200000 0,000000
1037 1701448451 4,200000 -1,000000 -101,000000 0,000000 0,000000
1037 1701448452 5,000000 -1,000000 -101,000000 0,000000 0,000000
1037 1701448453 5,000000 -1,000000 -101,000000 0,000000 0,000000
1037 1701448454 5,000000 -1,000000 -101,000000 0,000000 0,000000
1037 1701448455 5,000000 -1,000000 -101,000000 0,000000 0,000000
1037 1701448456 5,000000 -1,000000 -101,000000 0,000000 0,000000
1037 1701448457 5,000000 -1,000000 -101,000000 0,000000 0,000000
1037 1701448458 5,000000 -1,000000 -101,000000 0,000000 0,000000
1037 1701448459 5,000000 -1,000000 -101,000000 0,000000 0,000000
1037 1701448460 5,000000 -1,000000 -101,000000 0,000000 0,000000
1037 1701448461 5,000000 -1,000000 -101,000000 0,000000 0,000000
1037 1701448462 10,400000 -1,000000 -101,000000 0,000000 0,000000
1037 1701448463 10,400000 -1,000000 -101,000000 0,000000 0,000000
1037 1701448464 10,400000 -1,000000 -101,000000 0,000000 0,000000
1037 1701448465 10,400000 -1,000000 -101,000000 0,000000 0,000000
1042 1701448452 0,200000 -1,000000 -101,000000 0,000000 0,000000
1042 1701448453 0,200000 -1,000000 -101,000000 0,000000 0,000000
1042 1701448454 0,200000 -1,000000 -101,000000 0,000000 0,000000
1042 1701448455 0,200000 -1,000000 -101,000000 0,000000 0,000000
1042 1701448456 0,200000 -1,000000 -101,000000 0,000000 0,000000
1042 1701448457 0,200000 -1,000000 -101,000000 0,000000 0,000000
1042 1701448458 0,200000 -1,000000 -101,000000 0,000000 0,000000
1042 1701448459 0,200000 -1,000000 -101,000000 0,000000 0,000000
1042 1701448460 0,200000 -1,000000 -101,000000 0,000000 0,000000
1042 1701448461 0,200000 -1,000000 -101,000000 0,000000 0,000000
1042 1701448462 0,200000 -1,000000 -101,000000 0,000000 0,000000
1042 1701448463 0,200000 -1,000000 -101,000000 0,000000 0,000000
1042 1701448464 0,200000 -1,000000 -101,000000 0,000000 0,000000
1042 1701448465 0,200000 -1,000000 -101,000000 0,000000 0,000000
1037 1701448466 10,400000 -1,000000 -101,000000 0,000000 0,000000
1037 1701448477 9,600000 -1,000000 -101,000000 0,000000 0,000000
1037 1701448478 9,600000 -1,000000 -101,000000 0,000000 0,000000
1037 1701448479 9,600000 -1,000000 -101,000000 0,000000 0,000000
1037 1701448480 9,600000 -1,000000 -101,000000 0,000000 0,000000
1042 1701448466 0,200000 -1,000000 -101,000000 0,000000 0,000000
1042 1701448477 0,200000 -1,000000 -101,000000 0,000000 0,000000
1042 1701448478 0,200000 -1,000000 -101,000000 0,000000 0,000000
1042 1701448479 0,200000 -1,000000 -101,000000 0,000000 0,000000
1042 1701448480 0,200000 -1,000000 -101,000000 0,000000 0,000000
1037 1701448481 9,600000 -1,000000 -101,000000 0,000000 0,000000
1037 1701448482 5,000000 -1,000000 -101,000000 0,000000 0,000000
1037 1701448483 5,000000 -1,000000 -101,000000 0,000000 0,000000
1037 1701448484 5,000000 -1,000000 -101,000000 0,000000 0,000000
1037 1701448485 5,000000 -1,000000 -101,000000 0,000000 0,000000
1037 1701448486 5,000000 -1,000000 -101,000000 0,000000 0,000000
1042 1701448481 0,200000 -1,000000 -101,000000 0,000000 0,000000
1042 1701448482 0,200000 -1,000000 -101,000000 0,000000 0,000000
1042 1701448483 0,200000 -1,000000 -101,000000 0,000000 0,000000
1042 1701448484 0,200000 -1,000000 -101,000000 0,000000 0,000000
1042 1701448485 0,200000 -1,000000 -101,000000 0,000000 0,000000
1042 1701448486 0,200000 -1,000000 -101,000000 0,000000 0,000000
1037 1701448502 9,600000 -1,000000 -101,000000 0,000000 0,000000
1037 1701448503 9,600000 -1,000000 -101,000000 0,000000 0,000000
1037 1701448504 9,600000 -1,000000 -101,000000 0,000000 0,000000
1037 1701448505 9,600000 -1,000000 -101,000000 0,000000 0,000000
1037 1701448506 9,600000 -1,000000 -101,000000 0,000000 0,000000
1037 1701448507 5,000000 -1,000000 -101,000000 0,000000 0,000000
1037 1701448508 5,000000 -1,000000 -101,000000 0,000000 0,000000
1037 1701448509 5,000000 -1,000000 -101,000000 0,000000 0,000000
1037 1701448510 5,000000 -1,000000 -101,000000 0,000000 0,000000
1037 1701448511 5,000000 -1,000000 -101,000000 0,000000 0,000000
1037 1701448522 15,400000 -1,000000 -101,000000 0,000000 0,000000
1037 1701448523 15,400000 -1,000000 -101,000000 0,000000 0,000000
1037 1701448524 15,400000 -1,000000 -101,000000 0,000000 0,000000
1037 1701448525 15,400000 -1,000000 -101,000000 0,000000 0,000000
1042 1701448502 0,200000 -1,000000 -101,000000 0,000000 0,000000
1042 1701448503 0,200000 -1,000000 -101,000000 0,000000 0,000000
1042 1701448504 0,200000 -1,000000 -101,000000 0,000000 0,000000
1042 1701448505 0,200000 -1,000000 -101,000000 0,000000 0,000000
1042 1701448506 0,200000 -1,000000 -101,000000 0,000000 0,000000
1042 1701448507 0,200000 -1,000000 -101,000000 0,000000 0,000000
1042 1701448508 0,200000 -1,000000 -101,000000 0,000000 0,000000
1042 1701448509 0,200000 -1,000000 -101,000000 0,000000 0,000000
1042 1701448510 0,200000 -1,000000 -101,000000 0,000000 0,000000
1042 1701448511 0,200000 -1,000000 -101,000000 0,000000 0,000000
1042 1701448522 0,400000 -1,000000 -101,000000 0,000000 0,000000
1042 1701448523 0,400000 -1,000000 -101,000000 0,000000 0,000000
1042 1701448524 0,400000 -1,000000 -101,000000 0,000000 0,000000
1042 1701448525 0,400000 -1,000000 -101,000000 0,000000 0,000000
1037 1701448526 15,400000 -1,000000 -101,000000 0,000000 0,000000
1042 1701448526 0,400000 -1,000000 -101,000000 0,000000 0,000000
1037 1701448537 10,400000 -1,000000 -101,000000 0,000000 0,000000
1037 1701448538 10,400000 -1,000000 -101,000000 0,000000 0,000000
1037 1701448539 10,400000 -1,000000 -101,000000 0,000000 0,000000
1037 1701448540 10,400000 -1,000000 -101,000000 0,000000 0,000000
1037 1701448541 10,400000 -1,000000 -101,000000 0,000000 0,000000
1037 1701448552 5,000000 -1,000000 -101,000000 0,000000 0,000000
1037 1701448553 5,000000 -1,000000 -101,000000 0,000000 0,000000
1037 1701448554 5,000000 -1,000000 -101,000000 0,000000 0,000000
1037 1701448555 5,000000 -1,000000 -101,000000 0,000000 0,000000
1042 1701448537 0,200000 -1,000000 -101,000000 0,000000 0,000000
1042 1701448538 0,200000 -1,000000 -101,000000 0,000000 0,000000
1042 1701448539 0,200000 -1,000000 -101,000000 0,000000 0,000000
1042 1701448540 0,200000 -1,000000 -101,000000 0,000000 0,000000
1042 1701448541 0,200000 -1,000000 -101,000000 0,000000 0,000000
1042 1701448552 0,200000 -1,000000 -101,000000 0,000000 0,000000
1042 1701448553 0,200000 -1,000000 -101,000000 0,000000 0,000000
1042 1701448554 0,200000 -1,000000 -101,000000 0,000000 0,000000
1042 1701448555 0,200000 -1,000000 -101,000000 0,000000 0,000000
1037 1701448556 5,000000 -1,000000 -101,000000 0,000000 0,000000
1042 1701448556 0,200000 -1,000000 -101,000000 0,000000 0,000000
1042 1701448557 0,400000 -1,000000 -101,000000 0,000000 0,000000
1042 1701448558 0,400000 -1,000000 -101,000000 0,000000 0,000000
1042 1701448559 0,400000 -1,000000 -101,000000 0,000000 0,000000
1042 1701448560 0,400000 -1,000000 -101,000000 0,000000 0,000000
1037 1701448562 11,200000 -1,000000 -101,000000 0,000000 0,000000
1042 1701448561 0,400000 -1,000000 -101,000000 0,000000 0,000000
1037 1701448625 6,250000 -1,000000 6,250000 6,250000 0,000000
1037 1701448624 6,250000 -1,000000 6,250000 6,250000 0,000000
1037 1701448623 6,250000 -1,000000 6,250000 6,250000 0,000000
1037 1701448622 6,250000 -1,000000 6,250000 6,250000 0,000000
1037 1701448621 6,200000 -1,000000 6,200000 6,200000 0,000000
1037 1701448620 6,200000 -1,000000 6,200000 6,200000 0,000000
1037 1701448619 6,200000 -1,000000 6,200000 6,200000 0,000000
1037 1701448618 6,200000 -1,000000 6,200000 6,200000 0,000000
1037 1701448617 6,200000 -1,000000 6,200000 6,200000 0,000000
1037 1701448616 9,200000 -1,000000 9,200000 9,200000 0,000000
1037 1701448615 9,200000 -1,000000 9,200000 9,200000 0,000000
1037 1701448614 9,200000 -1,000000 9,200000 9,200000 0,000000
1037 1701448613 9,200000 -1,000000 9,200000 9,200000 0,000000
1037 1701448612 9,200000 -1,000000 9,200000 9,200000 0,000000
1037 1701448601 9,600000 -1,000000 9,600000 9,600000 0,000000
1037 1701448600 9,600000 -1,000000 9,600000 9,600000 0,000000
1037 1701448599 9,600000 -1,000000 9,600000 9,600000 0,000000
1037 1701448598 9,600000 -1,000000 9,600000 9,600000 0,000000
1037 1701448597 9,600000 -1,000000 9,600000 9,600000 0,000000
1037 1701448596 9,200000 -1,000000 9,200000 9,200000 0,000000
1037 1701448595 9,200000 -1,000000 9,200000 9,200000 0,000000
1037 1701448594 9,200000 -1,000000 9,200000 9,200000 0,000000
1037 1701448593 9,200000 -1,000000 9,200000 9,200000 0,000000
1037 1701448592 9,200000 -1,000000 9,200000 9,200000 0,000000
1037 1701448586 6,200000 -1,000000 6,200000 6,200000 0,000000
1037 1701448585 6,200000 -1,000000 6,200000 6,200000 0,000000
1037 1701448584 6,200000 -1,000000 6,200000 6,200000 0,000000
1037 1701448583 6,200000 -1,000000 6,200000 6,200000 0,000000
1037 1701448582 6,200000 -1,000000 6,200000 6,200000 0,000000
1037 1701448576 3,400000 -1,000000 3,400000 3,400000 0,000000
1037 1701448575 3,400000 -1,000000 3,400000 3,400000 0,000000
1037 1701448574 3,400000 -1,000000 3,400000 3,400000 0,000000
1037 1701448573 3,400000 -1,000000 3,400000 3,400000 0,000000
1037 1701448572 3,400000 -1,000000 3,400000 3,400000 0,000000
1037 1701448566 11,200000 -1,000000 11,200000 11,200000 0,000000
1037 1701448565 11,200000 -1,000000 11,200000 11,200000 0,000000
1037 1701448564 11,200000 -1,000000 11,200000 11,200000 0,000000
1037 1701448563 11,200000 -1,000000 11,200000 11,200000 0,000000
1042 1701448625 0,250000 -1,000000 0,250000 0,250000 0,000000
1042 1701448624 0,250000 -1,000000 0,250000 0,250000 0,000000
1042 1701448623 0,250000 -1,000000 0,250000 0,250000 0,000000
1042 1701448622 0,250000 -1,000000 0,250000 0,250000 0,000000
1042 1701448621 0,200000 -1,000000 0,200000 0,200000 0,000000
1042 1701448620 0,200000 -1,000000 0,200000 0,200000 0,000000
1042 1701448619 0,200000 -1,000000 0,200000 0,200000 0,000000
1042 1701448618 0,200000 -1,000000 0,200000 0,200000 0,000000
1042 1701448617 0,200000 -1,000000 0,200000 0,200000 0,000000
1042 1701448616 0,200000 -1,000000 0,200000 0,200000 0,000000
1042 1701448615 0,200000 -1,000000 0,200000 0,200000 0,000000
1042 1701448614 0,200000 -1,000000 0,200000 0,200000 0,000000
1042 1701448613 0,200000 -1,000000 0,200000 0,200000 0,000000
1042 1701448612 0,200000 -1,000000 0,200000 0,200000 0,000000
1042 1701448596 0,400000 -1,000000 0,400000 0,400000 0,000000
1042 1701448595 0,400000 -1,000000 0,400000 0,400000 0,000000
1042 1701448594 0,400000 -1,000000 0,400000 0,400000 0,000000
1042 1701448593 0,400000 -1,000000 0,400000 0,400000 0,000000
1042 1701448592 0,400000 -1,000000 0,400000 0,400000 0,000000
1042 1701448586 0,200000 -1,000000 0,200000 0,200000 0,000000
1042 1701448585 0,200000 -1,000000 0,200000 0,200000 0,000000
1042 1701448584 0,200000 -1,000000 0,200000 0,200000 0,000000
1042 1701448583 0,200000 -1,000000 0,200000 0,200000 0,000000
1042 1701448582 0,200000 -1,000000 0,200000 0,200000 0,000000
